time,x,y,z,phi,theta,psi,x_velocity,y_velocity,z_velocity,phi_velocity,theta_velocity,psi_velocity,rotor_speed1,rotor_speed2,rotor_speed3,rotor_speed4
0.06,-1.46387033215e-08,-5.04745524277e-08,10.0006695963,6.28309684297,2.08537794846e-05,0.0,-1.43969049524e-06,-5.52611053107e-06,0.0223194451054,-0.0045997497545,0.00103384031701,0.0,412.3903085253388,412.48159343207635,410.8006941472603,410.39272739420505
0.12000000000000001,-8.92160741252e-07,-3.65204188071e-06,10.008309489,6.28239560995,0.000100738304796,0.0,-3.621292066e-05,-0.00016480824565,0.232323704399,-0.0322180961948,0.00192005075434,0.0,470.865299387344,470.9338111890907,471.1989110687843,469.0594298774616
0.18,-6.2004186347e-06,-4.10512993962e-05,10.0285476438,6.28044229624,6.28292525617,0.0,-0.000136754908883,-0.00131161153377,0.442222897904,-0.0332380302976,-0.0308034487636,0.0,472.32444551607796,469.7944306471593,470.10232160012987,470.0229581308398
0.23999999999999996,-1.0047093436e-06,-0.000189234241108,10.0597478154,6.27844130068,6.2806648801,0.0,0.000529923601667,-0.0038477931124,0.597712879897,-0.0335746160707,-0.0572246813621,0.0,455.33063193450334,453.2115027545442,454.5325984417706,454.5052139545617
0.3,9.44077420718e-05,-0.000522887688538,10.0980876369,6.27667283758,6.27711931724,0.0,0.00299698605228,-0.00746074647659,0.680232907057,-0.0223290884968,-0.0631163249188,0.0,432.0716772956818,431.5721813491876,431.11947530448964,432.06814761647706
0.36000000000000004,0.000457572035932,-0.00115249559118,10.148321594,6.27597202023,6.27319375301,0.0,0.00962180722274,-0.0136534021829,0.994008555482,0.00388880522094,-0.0704971528806,0.0,500.9902174889372,500.45069176969787,499.68434855576936,501.5917968089016
0.4200000000000001,0.00128815793159,-0.00214037824178,10.2138350838,6.27625430642,6.26919990028,0.0,0.018538872528,-0.0192446837116,1.18958607455,0.00628878613039,-0.0596774862632,0.0,467.07156545536145,467.91141796887115,466.9445474813807,467.13162573608645
0.48000000000000015,0.00270491953787,-0.00343798880303,10.2883786264,6.27659163301,6.26615212688,0.0,0.0290212702531,-0.0239714337252,1.2950798049,0.00425420432402,-0.0372360902172,0.0,439.45509285302654,441.3093267766452,439.8843290685847,439.71573548793845
0.5400000000000001,0.00484463368979,-0.00502619386387,10.3713094551,6.27667064833,6.26451901892,0.0,0.0425114611316,-0.0289476350298,1.46906984552,-0.00532241155303,-0.0123478119469,0.0,460.0851767092981,462.0510206862822,462.2481101195274,461.49288016354865
0.6000000000000002,0.00777980242667,-0.0068976504977,10.4622573873,6.27623418932,6.2640725739,0.0,0.0553835891298,-0.0334713098262,1.56240303556,-0.0114958239689,0.000909024577873,0.0,436.436266253711,437.5413408230572,437.1998946356105,436.6853871190885
0.6600000000000003,0.0115221665915,-0.00906177425572,10.5603830464,6.27572984096,6.2651714203,0.0,0.0692810540691,-0.0387289944389,1.70824625744,-0.00284876900107,0.0402354146168,0.0,452.37268171684104,455.528125704027,452.97016064144873,453.6650598642535
0.7200000000000003,0.0160597651447,-0.011547720485,10.6668904195,6.27512935121,6.26748481364,0.0,0.0817152892647,-0.044168661277,1.84179767679,-0.0308698332206,0.0349685497185,0.0,449.8009021712183,449.3749065427588,452.12587844782735,449.8628504661461
0.7800000000000004,0.0212943674113,-0.0143799353143,10.7814144944,6.27325249886,6.26913813678,0.0,0.0925593665143,-0.0504361097213,1.97545118921,-0.0321157328057,0.00549017052591,0.0,451.6398641484215,449.2563339226489,451.12324421950603,451.0223109859398
0.8400000000000004,0.0271395651022,-0.0176211707425,10.9031796149,6.27095192422,6.26987375698,0.0,0.102220027187,-0.0578165326333,2.08319402338,-0.0552551587161,0.0231898907139,0.0,441.47523313195256,442.93307726082446,445.08584398743557,443.18726989644176
0.9000000000000005,0.033554682075,-0.0213679245063,11.0321313544,6.26766327397,6.27136340206,0.0,0.111459762148,-0.0674243732552,2.2149481292,-0.0539370217503,0.0279159422583,0.0,450.72378956235156,451.1056461095462,451.15755677527665,451.2620030918318
0.9600000000000005,0.0404925309918,-0.0257646110391,11.1691464454,6.26419979541,6.27319736421,0.0,0.119609299498,-0.0794860245742,2.35194547985,-0.0666412701849,0.0353987372045,0.0,452.7159402852142,453.3178892183558,453.91160493845706,452.888682893272
1.0200000000000005,0.0479281001382,-0.0310679179069,11.3197683988,6.26112061904,6.27604360112,0.0,0.127893675745,-0.0977374920007,2.66809751269,-0.0311703243493,0.0644671288813,0.0,504.67031800649363,506.76497822307516,504.64640629137193,507.1985187846531
1.0800000000000005,0.0557530109427,-0.0374632631237,11.4859132652,6.25870172528,6.28038520691,0.0,0.13244860429,-0.115663338294,2.8695787941,-0.073592076046,0.0847204590582,0.0,473.76340941181155,475.321635546145,476.27363632716293,473.01684797177046
1.1400000000000006,0.0637412330753,-0.04498298878,11.6633460897,6.25435877729,0.00277650134218,0.0,0.133216960074,-0.135477753915,3.044387795,-0.0700680295033,0.105708314947,0.0,467.17184789918036,468.812103025477,467.2853491220145,467.5562079996419
1.2000000000000006,0.07164284962,-0.0537910054831,11.8512858793,6.24992607526,0.00881113272387,0.0,0.129467695517,-0.158595569,3.21977686581,-0.0828572503188,0.0875884213372,0.0,469.4448740437665,468.04476496381176,469.41369231760433,468.41616588757716
1.2600000000000007,0.0791818828441,-0.064098152873,12.0499568458,6.24492983703,0.0134664107765,0.0,0.121239344436,-0.185526674369,3.40203761679,-0.0841099494812,0.0290792125367,0.0,474.57540936758846,470.06639238607363,471.500765436621,471.3987548102683
1.3200000000000007,0.0862105179922,-0.0759251033045,12.2541498664,6.2397085826,0.0149564806055,0.0,0.11290556634,-0.209153441902,3.40436628056,-0.0935869082823,0.0145989880694,0.0,416.3417217863271,415.0729533784775,417.68649607206794,416.85227688976784
1.3800000000000008,0.0927222619249,-0.0892442780751,12.4580378035,6.23424849157,0.0155853341889,0.0,0.10408679975,-0.235292943366,3.39190831195,-0.086279278421,0.000615135277589,0.0,413.2938590051629,412.05934732745055,410.1449141468257,410.7857313498695
1.4400000000000008,0.0986049189525,-0.10451794696,12.6670397945,6.22886118871,0.0158096272221,0.0,0.0919953874726,-0.27440328894,3.57423528845,-0.097932801014,0.00934908347279,0.0,472.8937243073307,473.5659711503787,473.42453650336483,472.5207228585326
1.5000000000000009,0.103812749433,-0.122063604912,12.8833538029,6.22399512615,0.0161677033998,0.0,0.0815572971456,-0.310946747837,3.63600012491,-0.0596607846404,-0.00183750210652,0.0,437.4902810863021,436.5577234645366,435.9910617554202,439.1710062197071
1.560000000000001,0.108346746426,-0.142048271925,13.1060233249,6.21983116838,0.0161051407435,0.0,0.0695938805894,-0.35558041335,3.78579932045,-0.109838177469,0.000501419088451,0.0,465.3520417228831,465.53512262161115,466.67717901768214,462.73925791980685
1.620000000000001,0.112212838868,-0.164620376892,13.3346377938,6.2131470032,0.0162377284183,0.0,0.0592712658566,-0.397438671141,3.83446745264,-0.114728234854,0.00542478796137,0.0,434.24742667656983,434.6602115555361,435.2183549731329,434.7975326710437
1.680000000000001,0.115461693895,-0.189803650816,13.5657566265,6.20646461928,0.0174183439528,0.0,0.0489480173156,-0.442620830363,3.86931537709,-0.105394362218,0.0388625657508,0.0,428.757673004943,431.58938505007103,430.9040237132319,431.6809475512512
1.740000000000001,0.118067285046,-0.217803757115,13.79873171,6.20002168743,0.0196305174749,0.0,0.0376988925886,-0.491290383852,3.89636293247,-0.111683879906,0.0325527594714,0.0,429.40719411581733,428.87223330889555,428.3024941713894,427.75655319080994
1.8000000000000012,0.119947511182,-0.248889206002,14.0338468986,6.19306319031,0.0216969533647,0.0,0.0247896338094,-0.545516425697,3.94057991284,-0.126337160893,0.037970868024,0.0,433.70226439303514,434.15765277672534,435.7264212021166,434.4870616528201
1.8600000000000012,0.1210788062,-0.283090855272,14.2686320489,6.1856791237,0.0238712734329,0.0,0.0127396219687,-0.595146687388,3.88570002312,-0.117226813781,0.0325282710249,0.0,402.95729292940894,402.4656791133621,400.4617011408573,401.27404000040366
1.9200000000000013,0.121377945219,-0.320693242628,14.5032019349,6.17900728607,0.0256871841633,0.0,-0.00294215783727,-0.658893211733,3.93303763871,-0.101269785197,0.0253050531566,0.0,436.7097466158775,436.10709553102464,434.5955497263627,435.9196773707412
1.9800000000000013,0.120675891458,-0.362354303788,14.7416312153,6.17305604382,0.0272248772138,0.0,-0.0206034852428,-0.730375188215,4.01422240689,-0.0953206207843,0.0262667527288,0.0,447.19717936833365,447.2756299899463,446.84644398408847,447.3227731663137
2.0400000000000014,0.118892421308,-0.40838514429,14.9845784926,6.16772395015,0.0285490156878,0.0,-0.038981221062,-0.804495388464,4.08367271936,-0.0783667163393,0.0119713736427,0.0,444.62811096316454,443.4553215733101,443.8092548781949,445.1919995211477
2.1000000000000014,0.115882272021,-0.459370998847,15.2351496017,6.16246188632,0.029737090821,0.0,-0.0614496211493,-0.895506461914,4.26791115999,-0.122802728625,0.0320878349721,0.0,479.49900232035935,481.0248406787475,481.333395303733,477.95165416574883
2.1600000000000015,0.111673262872,-0.515216828951,15.4907580022,6.15487856711,0.0320984386801,0.0,-0.0790367442188,-0.96666178491,4.25229683837,-0.134739632886,0.0509299952875,0.0,418.2233716583651,419.86232373705894,419.49476554774986,418.44106669897053
2.2200000000000015,0.106236877503,-0.575973305861,15.7493004273,6.14670454309,0.0348291066414,0.0,-0.102466270943,-1.05934010371,4.36517428228,-0.13939940168,0.0315461935223,0.0,461.50439130475337,459.9728180154236,460.2986210327053,459.9131896836747
2.2800000000000016,0.0995327017961,-0.641715252252,16.0091935394,6.13827873347,0.0370729566407,0.0,-0.121176128436,-1.13274194454,4.29803096877,-0.142573150502,0.0470854034471,0.0,402.8509098702934,404.2545375695167,402.28272246420227,401.9745741460687
2.3400000000000016,0.0916443409459,-0.712087573207,16.2656643256,6.12976594159,0.0397549716763,0.0,-0.141997179639,-1.21371215837,4.25099548353,-0.140529694471,0.0394450602025,0.0,409.90021078856626,409.2219077620632,409.62498509150396,409.7860696870695
2.4000000000000017,0.0823467981921,-0.787908077866,16.5221713729,6.12125945682,0.0420606897463,0.0,-0.168133110754,-1.31440582971,4.29884038353,-0.144385746175,0.0363146410876,0.0,441.30278719942334,441.0450190679441,441.4857772049419,441.1485764020869
2.4600000000000017,0.0715767907463,-0.869400782077,16.7782782257,6.11241194135,0.0438572860626,0.0,-0.191034893166,-1.40273953221,4.23808064175,-0.154438123838,0.0124618675706,0.0,406.9009034027136,404.75998320090264,406.17074046820363,405.2452995305832
2.520000000000002,0.0592882713243,-0.95680442452,17.0333951901,6.10375821276,0.0446266249314,0.0,-0.218643676708,-1.51150857272,4.26546595959,-0.129156800132,0.0135336204018,0.0,435.8447694521023,435.93422801424845,434.09291258215086,436.18900445436907
2.580000000000002,0.0452471769294,-1.05121873943,17.2919060599,6.09592858195,0.0449283811606,0.0,-0.249440908186,-1.63635222519,4.35097037309,-0.133308627826,-0.023264716037,0.0,456.2632718646895,453.315570918649,455.0749214663734,454.72722741417664
2.640000000000002,0.0295653017667,-1.1524288018,17.5510208722,6.08778437096,0.0432070733812,0.0,-0.273174775119,-1.73799536543,4.28621357402,-0.14109234486,-0.04267252331,0.0,407.4881494811488,405.7488682205794,406.57502299758363,405.8579563645091
2.700000000000002,0.0122754888625,-1.26085228231,17.811141034,6.07983004217,0.0409439366107,0.0,-0.302882597128,-1.87687714707,4.38377776206,-0.119450631863,-0.0293034184601,0.0,458.9279636986926,459.98733595520264,459.50167004409883,461.1984493687931
2.760000000000002,-0.00671944979976,-1.37761033384,18.0762931123,6.07291539136,0.0390934242548,0.0,-0.330086301808,-2.01569089659,4.45405668449,-0.107942168946,-0.0341107917065,0.0,452.9844887721976,452.59738747052455,452.3039551347443,453.2182847248586
2.820000000000002,-0.0273064052663,-1.50282561388,18.3455710766,6.06666966324,0.037368186054,0.0,-0.355944831074,-2.15871812483,4.52131303856,-0.0973439900602,-0.0197584924111,0.0,452.40936633961616,453.56338860733996,452.63758331392506,453.4805125820625
2.880000000000002,-0.0493945438931,-1.6366431902,18.6183643225,6.06068862468,0.036075874203,0.0,-0.380194640032,-2.30239144925,4.57129598146,-0.104826549404,-0.0253596837009,0.0,448.36389027216956,447.90853245439496,449.62869479307994,449.0135231474712
2.940000000000002,-0.0729279578409,-1.77930918796,18.8945779006,6.05405328397,0.0342879412648,0.0,-0.40407628749,-2.45371176881,4.63522583014,-0.125749411335,-0.0406148042163,0.0,453.0831564104519,451.85454753757944,456.88205147741536,455.1998213428146
3.000000000000002,-0.0978305833204,-1.93102543147,19.1738532625,6.04622024758,0.0325228105793,0.0,-0.425806991954,-2.60417712135,4.67341717696,-0.142471116158,-0.0132641506309,0.0,446.2965388722707,448.5232666394279,448.0166449241606,446.6390337253419
3.0600000000000023,-0.124039857824,-2.09215781747,19.4563131112,6.03739602185,0.0320520372811,0.0,-0.447758694033,-2.7676729938,4.74116791621,-0.158359879311,0.0012373803604,0.0,457.28962733165275,458.4436050482041,458.7566870652991,457.47333530207675
3.1200000000000023,-0.15154384864,-2.26316547112,19.7423034742,6.027812759,0.0320192777308,0.0,-0.469029654893,-2.9334229669,4.79112179884,-0.162588655366,-0.00437560522183,0.0,453.5943164890111,453.1432740986282,454.7818708973371,454.4193513071913
3.1800000000000024,-0.180176406781,-2.44314949217,20.0268081977,6.01802429692,0.0320527231968,0.0,-0.485390378117,-3.06687213607,4.69236153187,-0.164267757166,0.00894535573111,0.0,404.7253286669489,405.92273000149146,405.69764384404624,405.51866369922084
3.2400000000000024,-0.209966250764,-2.6327148925,20.3105256611,6.0085041347,0.0323887002551,0.0,-0.507631050426,-3.25282239352,4.76397928275,-0.14934221435,-0.00211089490354,0.0,463.2666783674659,462.39628884735083,461.78396934896546,462.93702190660247
3.3000000000000025,-0.240982707833,-2.83268837302,20.5951324577,5.99913892695,0.0322544463543,0.0,-0.52623892564,-3.41375306946,4.7225718476,-0.17506887551,-0.00249213449062,0.0,426.9441097328655,426.911621847828,429.2944298799836,427.08066763341054
3.3600000000000025,-0.273193556238,-3.04319111418,20.8795785638,5.98909836748,0.0319935859704,0.0,-0.547422113817,-3.60388956542,4.75814422855,-0.155198984024,-0.00834437267609,0.0,455.16618113243925,454.69758950349683,452.15652787995634,453.72817735091024
3.4200000000000026,-0.306453402793,-3.26332999879,21.1596157887,5.98011167142,0.0314151716513,0.0,-0.561226344887,-3.73489196624,4.57676106276,-0.140700664455,-0.0123667977752,0.0,379.7442198429773,379.3581868514219,378.7359109249682,380.10264885921316
3.4800000000000026,-0.340715394621,-3.49319347822,21.4342462796,5.97179418281,0.0309123714733,0.0,-0.580775393907,-3.92795969164,4.57695630564,-0.134770665856,-0.00140723222527,0.0,443.5373576678478,444.436799696747,442.9835495889189,443.4530944343858
3.5400000000000027,-0.376192783911,-3.73530066589,21.71034809,5.96455389283,0.0306510071642,0.0,-0.601770835623,-4.14292806927,4.62553956596,-0.101641574823,-0.0110249405649,0.0,462.5936417619664,461.835629958619,458.01073296634763,460.6250935033175
3.6000000000000028,-0.412877560605,-3.98999783798,21.9878937608,5.95831563104,0.029874051446,0.0,-0.620980349324,-4.34754114927,4.62536485401,-0.109087855717,-0.0171059719009,0.0,446.90439893155315,446.40848901858095,447.2366193065195,446.6202139256112
3.660000000000003,-0.450739336791,-4.2575406836,22.2666381372,5.95160204008,0.0287407257105,0.0,-0.640957317583,-4.5711251832,4.66522604151,-0.118188539669,-0.0227163755189,0.0,461.93921682574035,461.4965719767089,461.1464384477936,460.4161857311221
3.720000000000003,-0.489718623217,-4.53799517273,22.545792709,5.94396994703,0.0272589205562,0.0,-0.658221429578,-4.77802532048,4.63933482817,-0.159244618732,-0.0289843699256,0.0,441.60138219018955,441.08383837385253,443.6013985101591,440.2001472270143
3.780000000000003,-0.529802724652,-4.83222173607,22.8266759988,5.93488950215,0.0257406169387,0.0,-0.677721164974,-5.03028677842,4.72208799938,-0.138974155987,-0.0188099739069,0.0,477.2264140523561,478.00246040597494,478.1073388519441,479.6294418546531
3.840000000000003,-0.57088428699,-5.13988175427,23.1071879062,5.92711712839,0.0244427782719,0.0,-0.691573187058,-5.22582486671,4.62798649991,-0.115341545593,-0.0279706665967,0.0,422.6952105908896,421.904792706549,421.72446793031236,423.7445756405929
3.900000000000003,-0.612857159276,-5.46060831256,23.3851553011,5.92002703914,0.0227951686182,0.0,-0.707354236632,-5.46568323933,4.63667805122,-0.124517085842,-0.0264583589277,0.0,458.1269869861314,458.24708450381127,458.62967753563316,457.8880284448165
3.960000000000003,-0.655759263265,-5.79609910523,23.6640935992,5.91237222473,0.0206761867328,0.0,-0.722535332163,-5.71799013498,4.66018018446,-0.134536079541,-0.066162194944,0.0,467.0963290253882,463.9881765053472,465.0676586265828,464.2679187059401
4.020000000000002,-0.699458143307,-6.14575030478,23.9413706814,5.90438969425,0.0163732508945,0.0,-0.733761654688,-5.93783660009,4.58185373474,-0.130213244903,-0.0861413768154,0.0,433.97230580779626,432.2873257282889,433.51666456538976,433.86305520044135
4.080000000000001,-0.743735615628,-6.50824839012,24.2125808076,5.89679209747,0.0110355509401,0.0,-0.741770183617,-6.14626014012,4.45819771366,-0.120282138396,-0.0952963903427,0.0,418.5987278212563,417.7938896914588,418.58193178559685,419.4297686912225
4.14,-0.788414232949,-6.88346792477,24.4764345026,5.88943488343,0.00504944610207,0.0,-0.747085218953,-6.36187263868,4.33660073482,-0.127757033467,-0.110675071922,0.0,421.98716638006,420.647863921952,419.12491431264857,418.4599086999225
4.199999999999998,-0.833318427571,-7.27169666119,24.7326943309,5.88150663716,6.28139135025,0.0,-0.749230451061,-6.57994902901,4.20505704141,-0.14276405047,-0.121854585083,0.0,418.3267372656845,417.339257074857,417.44283432944684,416.11334785842604
4.259999999999997,-0.878240935898,-7.674166093,24.9832777479,5.87279483249,6.27437737846,0.0,-0.747579348957,-6.8365288798,4.14683113745,-0.150562702619,-0.10848701863,0.0,443.2093405911771,444.29452285040674,445.00422257074683,444.3454699482814
4.319999999999996,-0.922967521585,-8.09135572543,25.2282490555,5.86369071918,6.26770922663,0.0,-0.742817810129,-7.07073022924,4.01833429309,-0.15418664838,-0.117037689966,0.0,421.68485599135505,420.93362864461966,421.89827917299004,421.5621214842957
4.379999999999995,-0.967308287129,-8.5227536472,25.465318173,5.85485726103,6.26074720284,0.0,-0.734692031853,-7.31015263605,3.88340098717,-0.136054340844,-0.114099597642,0.0,420.61972641353054,420.8612877650622,419.62261589173403,421.1721775654113
4.439999999999993,-1.01093607359,-8.97087913966,25.6989141134,5.846574841,6.25495762516,0.0,-0.718977925434,-7.62806456581,3.9015571935,-0.142336442075,-0.0744208942737,0.0,473.82010422638945,476.8533033672883,474.4623178963543,473.9632747471689
4.499999999999992,-1.05364479855,-9.43636716956,25.9293159985,5.83809459571,6.25056621974,0.0,-0.704310896343,-7.88912700122,3.77774005628,-0.139412886775,-0.0708368687444,0.0,429.5411415981755,429.8406922251576,429.6484111298161,429.8769348609823
4.559999999999991,-1.09547424275,-9.91683878568,26.1503193402,5.82990980348,6.24667224463,0.0,-0.689725524129,-8.12762311799,3.58863665412,-0.131008753311,-0.0550952256937,0.0,407.51633773323107,408.91782136575574,406.1331221357322,406.8672725198289
4.6199999999999894,-1.13624073048,-10.4134315617,26.3631711228,5.82212682375,6.24316797538,0.0,-0.668887838124,-8.42631218562,3.50527817152,-0.12725176843,-0.0660132386209,0.0,446.9999806772147,446.10673918214457,447.6114871075204,447.90192810284674
4.679999999999988,-1.17577702569,-10.9272599424,26.5690694262,5.81490326027,6.2389633784,0.0,-0.648688732457,-8.70225653465,3.35722481801,-0.109355448698,-0.0797771345822,0.0,427.2627889806845,426.08332656392,425.8982577204446,427.4126471916372
4.739999999999987,-1.2139932593,-11.4582698184,26.7667810021,5.80874366803,6.23418391254,0.0,-0.624818966124,-8.99896052505,3.2322282332,-0.0918361379542,-0.0794202324381,0.0,436.5863766165478,436.61094781097114,436.61541483302125,438.06548658664013
4.799999999999986,-1.25052097115,-12.0089325301,26.9600515718,5.80308361255,6.22910726122,0.0,-0.592347975642,-9.35710160354,3.20849249433,-0.0998635006198,-0.0977986840976,0.0,474.7170413609427,473.29879869053786,474.96475742121686,474.3415964704436
4.859999999999984,-1.28504879703,-12.5808762499,27.1509107074,5.79678156512,6.22278070254,0.0,-0.558074505916,-9.70843329199,3.15191884239,-0.118152395559,-0.128638559931,0.0,468.1819817097523,465.76593049833815,467.8256442390379,466.3897834873963
4.919999999999983,-1.31748283603,-13.173486346,27.336977317,5.78979798835,6.2157237063,0.0,-0.522478747684,-10.0461317206,3.0488802908,-0.113090735644,-0.101656922178,0.0,453.37011125644324,455.52087364348927,454.82674641174185,455.22027289635605
4.979999999999982,-1.34767739663,-13.7865133046,27.51652038,5.78275447337,6.20999036169,0.0,-0.483555469876,-10.3890267896,2.93444330758,-0.127784001142,-0.085529141796,0.0,453.58143716281603,454.8674794163618,454.63353926171595,453.4421878810532
5.0399999999999805,-1.37521325181,-14.4218497721,27.6917102312,5.7747940956,6.20510501346,0.0,-0.433915986155,-10.7895980509,2.90296153975,-0.144871706981,-0.0742702158839,0.0,485.84092947672866,486.67979039398716,486.4785475729242,485.1822335828539
