time,x,y,z,phi,theta,psi,x_velocity,y_velocity,z_velocity,phi_velocity,theta_velocity,psi_velocity,rotor_speed1,rotor_speed2,rotor_speed3,rotor_speed4,episode,total_reward
2.0400000000000014,2.07189520958,3.04832502402,0.0,2.55168826368,6.25968920825,0.0,2.44142124843,2.10702787113,-21.0333980936,-12.1873596086,8.74973118586,0.0,535.821960828,587.920772382,507.272764636,432.314508647,1,102.0
2.1000000000000014,2.11882787176,3.21794404218,0.0,1.62587913862,6.2286990744,0.0,2.67101895236,3.02985218408,-20.8681631993,-11.5039817442,9.62531709458,0.0,526.472119055,595.328655065,506.107483092,388.753470077,2,105.0
1.9800000000000013,0.80646532662,-0.0382871307204,0.0,4.42839809277,0.173792462553,0.0,1.28684797924,1.31472373314,-24.7006342593,-7.10625891252,9.01288877277,0.0,521.82341971,390.972887719,557.26154823,373.750882793,3,99.0
1.8600000000000012,-1.23723509263,0.593214421156,0.0,2.21368001475,6.19795993071,0.0,-2.22020036625,0.942854940443,-23.215332799,-11.7988057516,-0.700041754797,0.0,429.808016836,344.415089663,524.095164992,388.356791116,4,93.0
2.0400000000000014,0.00949608774134,-0.642750839324,0.0,2.47736900686,0.146320207241,0.0,0.0804182994183,-0.723699374181,-20.5231462445,-12.3176543608,0.428045440715,0.0,348.919374192,335.581952871,543.77886785,414.458282135,5,102.0
2.0400000000000014,-0.0345102811466,0.0771758477191,0.0,4.25672988908,1.13320125062,0.0,-0.726424062133,-0.375993272557,-25.0955773949,-5.81639339456,3.31430212855,0.0,315.939465477,307.192517098,492.639623531,377.188068318,6,102.0
1.8000000000000012,0.694568097637,0.0234606853599,0.0,6.18491864772,2.87064352749,0.0,2.35840286114,0.0474953063362,-28.8192377384,-2.00053615621,7.46967298755,0.0,168.176208352,404.979133433,300.556117231,258.289422934,7,90.0
1.740000000000001,0.573287155723,0.0115021087187,0.0,6.26597808961,1.37554376249,0.0,1.83452327463,0.0401866393064,-29.6181415281,-1.06506557873,4.33166036198,0.0,308.170935696,397.416155741,395.117034235,367.178941733,8,87.0
1.740000000000001,0.377140909281,0.0137372941888,0.0,6.26342438894,0.951395861341,0.0,2.18758036919,0.0485615263193,-31.3161024964,-0.864040360121,3.46652876245,0.0,315.048418468,394.17118515,388.985786003,374.316809451,9,87.0
1.740000000000001,0.329967834105,0.0149450300311,0.0,6.26005764338,0.818690243387,0.0,2.20190921709,0.0600601614978,-31.8950802973,-0.804463048636,3.13208655327,0.0,314.004200846,388.233752288,386.243463148,375.378440593,10,87.0
1.740000000000001,0.292624248038,0.011053458748,0.0,6.27798458432,0.728893022353,0.0,2.23525349792,0.0255953972659,-32.488323937,-1.00495542286,2.91195299462,0.0,232.188643043,329.508469199,309.563170523,264.987802795,11,87.0
1.740000000000001,0.238321609589,0.0165310139763,0.0,6.2672735535,0.57128315554,0.0,1.93716650065,0.0558677440177,-32.7923321943,-0.566379409689,2.38054549429,0.0,322.879784284,374.739718255,387.468107448,386.203968234,12,87.0
1.740000000000001,0.211803921335,-0.00134929953677,0.0,6.27452989609,0.440238898132,0.0,1.80597600377,-0.0310324425332,-33.9103677684,-0.573066265901,1.97069930969,0.0,238.71834194,324.057023479,308.231943341,276.812470695,13,87.0
1.740000000000001,0.232754015789,-0.0115259026063,0.0,0.0308461552565,0.610812779517,0.0,2.08503298981,-0.153312052136,-33.0564013173,-0.201616825934,2.43018555033,0.0,236.986515641,328.693532621,308.019740062,288.472825839,14,87.0
1.740000000000001,0.0691240239733,-0.00925960383664,0.0,0.0333251479206,0.213607383797,0.0,0.693040675841,-0.0894912571667,-34.7218573163,0.322061203632,1.29187453483,0.0,239.397944078,321.510491712,302.408900993,311.25888631,15,87.0
1.740000000000001,0.0493144584588,-0.336318722708,0.0,0.991650279759,0.383809592545,0.0,0.505728517161,-3.17093905523,-30.8434395137,3.78454872475,2.02398469036,0.0,226.677788936,344.925507847,312.084358191,408.869318499,16,87.0
2.0400000000000014,-1.41232420968,0.218141676351,0.0,0.247733512667,1.46423901817,0.0,-2.41948347449,-0.0394963347127,-20.0530391308,19.1950888755,11.7119036506,0.0,186.931967368,342.15442516,611.137077114,810.194886407,17,102.0
1.680000000000001,0.150280561627,-2.96800863251,0.0,2.52392907245,5.31711415111,0.0,0.191851590838,-1.76443148742,-21.1505372759,5.92639246591,20.3285403925,0.0,218.287291947,526.256591879,762.326372232,766.809164755,18,84.0
2.3400000000000016,-2.38242913342,-0.0747609787969,0.0,1.08290293793,5.21465196457,0.0,0.497620380031,-0.687336170631,-20.1089496837,3.53587721621,17.828890947,0.0,456.633991216,537.111913896,748.202941841,798.768882417,19,117.0
2.3400000000000016,-2.42750147142,-0.178393048067,0.0,1.28173697455,5.58356338106,0.0,0.612517274986,-0.959885279924,-19.7185311692,3.56324751542,17.8781396295,0.0,466.1879158,537.739297193,750.342732091,803.115756819,20,117.0
2.3400000000000016,-2.4030651755,-0.272124551831,0.0,1.43753162986,5.76129791322,0.0,0.570183820391,-1.15430927827,-19.4707861397,3.75857675136,17.9543964937,0.0,466.878493317,535.941608887,746.230920004,805.365627405,21,117.0
2.3400000000000016,-2.40191783198,-0.0767694524415,0.0,1.03508769586,5.40317863928,0.0,0.610967592436,-0.563081875726,-20.0924188783,3.48390954171,18.1256711622,0.0,472.189083539,559.229474822,757.350479096,808.724870698,22,117.0
2.3400000000000016,-2.43293198245,-0.135063195712,0.0,1.34969789952,5.57611903501,0.0,0.638861202522,-0.797243658778,-19.7409818424,4.05698318391,17.9940147675,0.0,471.353124271,548.091375659,749.937736985,808.626066282,23,117.0
2.3400000000000016,-2.47082871482,-0.0817476715525,0.0,1.34507009786,5.46591392631,0.0,0.654105305554,-0.643374297019,-19.72459854,4.2316937908,18.0560634358,0.0,468.744529789,552.790372262,750.306680565,809.666720565,24,117.0
2.3400000000000016,-2.53460478511,-0.454256326282,0.0,5.76040558886,3.39530921473,0.0,-1.07293318702,-1.17230299534,-21.0101108804,-0.0100707910377,19.736090316,0.0,335.043391207,582.37556161,854.740847961,865.725494067,25,117.0
2.3400000000000016,-2.41206792414,-0.105057510981,0.0,1.74443728038,5.56063728584,0.0,0.576859306184,-0.695359756841,-19.5186595054,5.32309148869,18.0082262792,0.0,462.476889873,540.050303542,729.786083612,805.970495683,26,117.0
2.3400000000000016,-2.55928894977,-0.500639557607,0.0,5.72956794304,3.42184258249,0.0,-1.08100979661,-1.38590085828,-21.2501398273,0.393927160395,19.7133996763,0.0,337.80354152,581.916968285,844.601128833,862.992101028,27,117.0
2.3400000000000016,-2.4638497783,-0.0381325882902,0.0,0.627725108189,2.08140451355,0.0,-0.648025139138,0.0137729602286,-19.8360815877,2.88211459615,22.5823591534,0.0,386.2475925,728.307242293,762.060032734,832.664447494,28,117.0
2.3400000000000016,-2.51014513684,-0.103298024532,0.0,3.96602083489,1.64410115313,0.0,-0.916917014417,-0.613722954801,-19.6798108285,9.37108787261,22.4502051686,0.0,441.745520528,791.523269796,727.303184816,823.36476177,29,117.0
2.4600000000000017,-2.63990805849,-0.927012293925,0.0,3.35349651493,6.09652862627,0.0,-0.675297473674,-3.40204380713,-16.1038400209,21.7323457637,21.1735753855,0.0,421.695154517,704.812376312,346.625326004,713.056500485,30,123.0
5.0399999999999805,-3.17425635643,9.97113010565,37.735790621,4.23743666519,3.55078147947,0.0,-0.868301614718,2.93812909121,-5.09648420733,3.18671208021,28.8200875684,0.0,0.395882878851,899.439366386,-0.308184968953,-0.810943558859,31,252.0
2.1600000000000015,-0.792308373454,1.64978774781e-05,0.0,6.27653223039,2.21323970979,0.0,-0.596403273135,0.00143108349237,-20.3515752216,-0.086297405302,26.7181619026,0.0,246.707714066,852.91538008,52.2775280727,5.38562421642,32,108.0
2.1600000000000015,-0.770382698893,1.66814433286e-06,0.0,6.28028469961,2.24861868739,0.0,-0.52497086482,0.000521252452268,-20.4004784202,-0.0597169705163,26.9278875732,0.0,234.120973274,850.56143079,52.6532568326,4.99208591639,33,108.0
2.1600000000000015,-0.739869019715,3.63446692672e-06,0.0,6.28057690597,2.20916475622,0.0,-0.503596040112,0.00045281596081,-20.3842740367,-0.0554284675527,26.9592243472,0.0,227.893263897,850.267716881,50.8167389927,4.74626161863,34,108.0
2.1600000000000015,-0.744005347217,1.06255208732e-06,0.0,6.28033542663,2.1165665344,0.0,-0.48914087676,0.000452946551701,-20.3147080032,-0.0531925348263,26.8905000066,0.0,224.09922253,849.489376347,48.6074324258,4.46522041186,35,108.0
2.1600000000000015,-0.755699615207,5.69815434573e-06,0.0,6.28006850037,2.17719690036,0.0,-0.510013281489,0.00055058284626,-20.33828085,-0.0581025114567,26.9133120181,0.0,220.251221257,849.339859792,50.6006933464,5.00627133767,36,108.0
2.1600000000000015,-0.77507167746,6.72177736725e-07,0.0,6.27961753716,2.19931044223,0.0,-0.493087622064,0.000627520837699,-20.3792577217,-0.0651608313663,26.9511785988,0.0,219.558180361,848.341722791,53.4386780232,5.02623900483,37,108.0
2.1600000000000015,-0.801820889777,2.58651796297e-05,0.0,6.27548272977,2.21407511161,0.0,-0.621626500315,0.00181351353943,-20.3724634686,-0.0756822681448,27.5010721131,0.0,114.910622691,867.709609977,34.0473498335,1.15651156393,38,108.0
2.1600000000000015,-0.788886466788,2.80338572068e-05,0.0,6.27562928715,2.23578077169,0.0,-0.620390692571,0.00182533373732,-20.3755069037,-0.0747153676109,27.499074777,0.0,112.835565578,867.271548195,34.3748117909,1.58111856537,39,108.0
2.1600000000000015,-0.798275701004,4.48032976406e-06,0.0,6.27911541338,2.21092711244,0.0,-0.538913503019,0.000763593681348,-20.3666976366,-0.0733386532177,26.9170605844,0.0,209.704503204,847.324215747,56.0299318526,4.34037096926,40,108.0
2.1600000000000015,-0.745826624871,5.60305774324e-06,0.0,6.28016967499,2.18848351284,0.0,-0.501202268072,0.000527006169889,-20.3817483674,-0.0643100071826,27.0261749611,0.0,205.66359093,847.523235145,54.2271179818,4.33435253025,41,108.0
2.1600000000000015,-0.761532523994,3.63284565404e-06,0.0,6.28025708051,2.2006185327,0.0,-0.50952375833,0.000514893312519,-20.3961554047,-0.0617884352026,27.0064234792,0.0,205.079427682,846.406515744,53.3247009025,4.38345896917,42,108.0
2.1600000000000015,-0.768080839628,4.29436397056e-06,0.0,6.28074192999,2.18636567875,0.0,-0.504982339727,0.000426383651836,-20.3951788878,-0.0518071839961,27.006521087,0.0,202.626995796,846.287092219,49.2060267592,4.85000057662,43,108.0
2.1600000000000015,-0.771580904813,1.54981032843e-05,0.0,6.27819264556,2.20615276351,0.0,-0.586014206951,0.0011169756529,-20.3595709172,-0.0647897473696,26.8362283058,0.0,199.641523524,847.056360943,45.7856103583,4.73883254726,44,108.0
2.1600000000000015,-0.780157185643,2.48684478695e-06,0.0,6.28122067813,2.25732872856,0.0,-0.525496099117,0.000362012786783,-20.4195239003,-0.0411649751982,27.0300981239,0.0,198.9130193,845.935273866,44.4020693635,4.2804437353,45,108.0
2.1600000000000015,-0.793867154233,4.00638252497e-06,0.0,6.28141636777,2.23638653868,0.0,-0.530864035561,0.000322311299748,-20.4251986521,-0.0385524887971,27.0114622097,0.0,198.558459616,845.169530608,43.1361733304,4.28197575529,46,108.0
2.1600000000000015,-0.77316562466,2.98397909176e-06,0.0,6.28176855118,2.23128359977,0.0,-0.518270330246,0.000248188220399,-20.4121668188,-0.0331680338002,27.0262729458,0.0,195.261760017,845.053961828,40.8534675776,4.07869998237,47,108.0
2.1600000000000015,-0.776785944315,8.95915798825e-07,0.0,6.28147683221,2.15167305125,0.0,-0.480665511961,0.000281784323142,-20.3714542704,-0.0341994473581,26.9791786271,0.0,194.109473356,844.156478887,40.4390029904,4.1026064519,48,108.0
2.1600000000000015,-0.763936261136,1.10810962756e-05,0.0,6.27936310324,2.19576677573,0.0,-0.579694797152,0.000848879642894,-20.3557890439,-0.0498511468438,26.8514897915,0.0,189.78011466,845.880735793,40.5898465481,4.32641624043,49,108.0
2.1600000000000015,-0.773170083466,2.33561019813e-06,0.0,6.28160959752,2.25814559731,0.0,-0.524796488281,0.00028794853457,-20.4192253015,-0.0335122006972,27.141161111,0.0,188.954627599,848.451242644,40.374247232,4.56407773181,50,108.0
2.1600000000000015,-0.765065002132,1.08868527476e-06,0.0,6.28133023358,2.09625012968,0.0,-0.490139933608,0.000292599707378,-20.3281157362,-0.0360834126747,27.0606855814,0.0,188.321527018,848.27694953,40.9007800628,4.78686532887,51,108.0
2.1600000000000015,-0.781915869142,1.33595794627e-06,0.0,6.28173376959,2.24089369061,0.0,-0.526009579535,0.000253248657181,-20.4150575545,-0.0321818286479,27.1797157351,0.0,187.189398041,849.247516689,40.2292754354,3.94024848437,52,108.0
2.1600000000000015,-0.764313711612,9.29796579187e-07,0.0,6.28152373381,2.14913982576,0.0,-0.478793021045,0.000272234261694,-20.3670517934,-0.0330933112863,27.1310348809,0.0,185.417207686,848.288507012,39.6824238914,3.92248390338,53,108.0
2.1600000000000015,-0.761560928999,2.07521229838e-06,0.0,6.28186901282,2.2156153003,0.0,-0.513111333649,0.000227715620838,-20.4051769218,-0.0295105743293,27.1878654685,0.0,183.979345357,849.148197153,38.3442811546,4.47662952641,54,108.0
2.1600000000000015,-0.771390783314,2.44595094268e-06,0.0,6.28186593129,2.2487346784,0.0,-0.521146878172,0.000237058519064,-20.4161206243,-0.0291333380896,27.1944082822,0.0,182.543679642,848.970745585,37.9967878766,3.28421520694,55,108.0
2.1600000000000015,-0.742576010722,2.19599761834e-06,0.0,6.28189979334,2.15928141698,0.0,-0.494538195382,0.000210357654313,-20.3832815784,-0.0287457333686,27.20826748,0.0,179.028053917,849.050585662,37.7424303307,4.15933536884,56,108.0
2.1600000000000015,-0.779119101757,1.76634112509e-06,0.0,6.28203086701,2.19762206954,0.0,-0.517187991476,0.000194476689093,-20.4048616298,-0.0271906587334,27.1698159894,0.0,180.912774993,847.845083386,37.1847802666,4.22214866163,57,108.0
2.1600000000000015,-0.771335157157,8.8243537467e-06,0.0,6.28025798155,2.18277081225,0.0,-0.573881864589,0.000636942910703,-20.3564495035,-0.0393352137584,27.0014291502,0.0,177.770087175,848.711272059,36.9128610721,4.09195631116,58,108.0
2.1600000000000015,-0.785227493826,9.15373103902e-06,0.0,6.28033976911,2.22924418193,0.0,-0.595643963698,0.000652272404002,-20.375847397,-0.0375449806373,27.016500423,0.0,176.378783375,849.08628283,35.8055039873,3.53642564214,59,108.0
2.1600000000000015,-0.767862762646,8.02626537001e-06,0.0,6.28053350263,2.20302522816,0.0,-0.579241743615,0.000590409221542,-20.3630065455,-0.0352881904053,27.0143763251,0.0,174.518780164,848.685347117,34.9635090082,3.55942203399,60,108.0
2.1600000000000015,-0.755398073535,1.11570743942e-06,0.0,6.2819758026,2.10085665283,0.0,-0.486520446686,0.000190290738196,-20.3290175986,-0.0250769034448,27.1117851657,0.0,173.407419296,847.689453115,34.8961701104,3.62607580783,61,108.0
2.1600000000000015,-0.782986646444,3.66224274849e-07,0.0,6.28219100502,2.25633665065,0.0,-0.52742733254,0.000175400155336,-20.4257412357,-0.0221064974382,27.1980678537,0.0,173.526152801,847.456615356,33.741099156,3.9114949998,62,108.0
2.1600000000000015,-0.786729485009,-3.51437619415e-06,0.0,6.2821116917,2.21911869526,0.0,-0.52323733904,0.000176531448637,-20.4161098782,-0.0223170856626,27.1752889906,0.0,172.979802738,846.488233532,33.8025115709,2.82367892422,63,108.0
2.1600000000000015,-0.775534503255,-1.31291146686e-06,0.0,6.28221220955,2.24302708268,0.0,-0.521451434153,0.000166397548239,-20.4200452666,-0.0211811328713,27.2110389964,0.0,170.861039215,847.528037902,33.0202030684,3.92589034653,64,108.0
2.1600000000000015,-0.763327723616,5.98000003029e-07,0.0,6.28233292647,2.23830553131,0.0,-0.513385438523,0.000147184051311,-20.4177692237,-0.019806173308,27.2053019886,0.0,169.342074621,846.899860809,32.0064170207,3.52608371186,65,108.0
2.1600000000000015,-0.778491532165,6.80890021687e-06,0.0,6.28111109552,2.19765340819,0.0,-0.582850467154,0.000462003417075,-20.3635636799,-0.0279963684699,27.0192553749,0.0,166.955413443,847.734675941,31.4372692367,3.51598325828,66,108.0
2.1600000000000015,-0.787927526224,5.23433308481e-06,0.0,6.2815543154,2.15979992682,0.0,-0.542442207719,0.00033286394064,-20.3536301503,-0.0251622791505,27.0413480359,0.0,166.682901866,846.106055045,31.7036203371,3.4328531974,67,108.0
2.1600000000000015,-0.783333670595,7.81264434648e-07,0.0,6.28244957689,2.20006376906,0.0,-0.518772533027,0.000120207160492,-20.4121114095,-0.0177533574403,27.1876835206,0.0,166.078787446,845.731305586,30.7669468493,4.20269709535,68,108.0
2.1600000000000015,-0.783949817813,2.25173674245e-06,0.0,6.28244793938,2.25766960269,0.0,-0.528627759657,0.000131990692862,-20.4280459444,-0.0170495021609,27.2051479666,0.0,165.213763852,846.203382547,29.8719141346,4.20467522582,69,108.0
2.1600000000000015,-0.763601837951,-4.82806703791e-08,0.0,6.28250535562,2.19600825851,0.0,-0.506514268586,0.000108948057383,-20.4064878818,-0.0161366191991,27.2146327316,0.0,162.791747493,846.108622443,29.394580281,3.45611223961,70,108.0
2.1600000000000015,-0.767522596004,1.22561568074e-06,0.0,6.28252440271,2.18253349892,0.0,-0.50779228219,0.000107410225064,-20.4026866155,-0.0158253714857,27.2088623338,0.0,161.914936419,845.899058566,28.9102641166,3.27145072052,71,108.0
2.1600000000000015,-0.75290534814,5.12479988474e-07,0.0,6.28251322659,2.18613735041,0.0,-0.50257766678,0.000109195874563,-20.4015972952,-0.0155002563837,27.2200618992,0.0,159.366958158,846.201639363,28.5691581107,3.76754165284,72,108.0
2.1600000000000015,-0.763143516803,7.36844223449e-07,0.0,6.28253662164,2.19941494367,0.0,-0.50646227204,0.000108498072375,-20.4089727414,-0.0147535614583,27.2026312441,0.0,158.875254743,845.176587024,27.8212561959,3.92540079614,73,108.0
2.1600000000000015,-0.79924726406,4.86678697753e-07,0.0,6.28259712679,2.22728325792,0.0,-0.527834230598,9.85213279512e-05,-20.4278574141,-0.0141363806068,27.1896410083,0.0,160.986926876,844.863513663,27.5793640285,3.76735734246,74,108.0
2.1600000000000015,-0.768629169075,5.75582755487e-07,0.0,6.28264620678,2.22184943501,0.0,-0.514277130136,8.91343848246e-05,-20.417228792,-0.0131356194825,27.2167277381,0.0,156.924331221,845.470284281,26.5306675773,3.10945880283,75,108.0
2.1600000000000015,-0.773775646153,-4.25453421222e-07,0.0,6.28259960016,2.21268757466,0.0,-0.514726658804,9.69321775812e-05,-20.4151986438,-0.0130617892318,27.2207665529,0.0,155.714327265,845.352597758,26.2568472211,3.73148106789,76,108.0
2.1600000000000015,-0.764371716416,1.17486589932e-05,0.0,6.2809078192,2.41521055077,0.0,-0.605560563412,0.000564944917055,-20.5407408514,-0.0281549270392,26.9299442723,0.0,75.7134332301,864.463634107,14.1640496301,0.65337702217,77,108.0
2.1600000000000015,-0.761815875031,-3.13858134602e-07,0.0,6.28274513344,2.16275404577,0.0,-0.501560353983,6.50811117281e-05,-20.3930609557,-0.0115507038663,27.3002106422,0.0,154.006989185,848.302180471,25.3705010923,3.50651270544,78,108.0
2.1600000000000015,-0.785458493652,-8.42359895846e-07,0.0,6.28267156377,2.20534618208,0.0,-0.521228759439,8.04995279561e-05,-20.4144804664,-0.0114704856181,27.317346689,0.0,153.723524851,848.717901431,25.0850714581,4.2600185727,79,108.0
2.1600000000000015,-0.75629726225,5.66888101455e-08,0.0,6.2826309702,2.06620706473,0.0,-0.473595792536,8.12401932889e-05,-20.3253856322,-0.011933089562,27.2153904244,0.0,151.747213693,847.766122016,24.7473636467,3.6867142823,80,108.0
2.1600000000000015,-0.758878623073,8.79843549414e-07,0.0,6.28277613525,2.18096050724,0.0,-0.503883130918,6.36069851195e-05,-20.3982024637,-0.0104654466106,27.3460605641,0.0,150.2934657,849.325523768,24.011703086,3.21739188926,81,108.0
2.1600000000000015,-0.783113226085,8.95030927886e-08,0.0,6.28279155712,2.22297083775,0.0,-0.522891135686,6.2516916166e-05,-20.4192863398,-0.00998259505281,27.3166291909,0.0,150.512773855,848.414118901,23.5926085971,3.39870452864,82,108.0
2.1600000000000015,-0.787516964394,1.82289028131e-07,0.0,6.28283108519,2.20058718222,0.0,-0.521281092223,5.44233852931e-05,-20.4145043982,-0.00891293241508,27.3120343607,0.0,149.409398584,848.061358808,22.609645575,4.28287807485,83,108.0
2.1600000000000015,-0.755038608174,-7.92328766662e-07,0.0,6.282725902,2.19310645146,0.0,-0.505055607868,7.0359306365e-05,-20.4033815397,-0.00991614203231,27.3416590624,0.0,146.245252006,848.652988522,23.3422267373,2.93600551665,84,108.0
2.1600000000000015,-0.793765031873,5.54770455714e-06,0.0,6.28226541683,2.10384284127,0.0,-0.57361565971,0.000186518517313,-20.3926622341,-0.0147794469871,26.9321942182,0.0,147.383796244,848.391284075,22.3174706566,3.66368361792,85,108.0
2.1600000000000015,-0.771481126781,4.97837326926e-06,0.0,6.28225318033,2.10107382898,0.0,-0.561298876637,0.000186521489863,-20.384965547,-0.0148651600358,26.9712187446,0.0,144.474828058,849.169586781,22.234730557,2.36614542244,86,108.0
2.1600000000000015,-0.774456227653,-1.63886486738e-07,0.0,6.28281146227,2.25345527532,0.0,-0.520732924888,6.2336432855e-05,-20.4275530451,-0.00895734544753,27.3586634725,0.0,144.838103004,848.919190613,22.1780787009,3.67959085596,87,108.0
2.1600000000000015,-0.747397292266,-1.2576654843e-06,0.0,6.28287519374,2.17396482594,0.0,-0.495641851381,4.51205589189e-05,-20.3983332454,-0.00784150424628,27.3442996213,0.0,142.164972157,848.137387427,21.1375408529,4.00532779951,88,108.0
2.1600000000000015,-0.771218012897,5.5061954477e-07,0.0,6.28290838002,2.20370705945,0.0,-0.511230907935,4.20098317881e-05,-20.4125488887,-0.00762876882148,27.3447643653,0.0,142.311224083,848.091289133,21.0929803991,4.17379150208,89,108.0
2.1600000000000015,-0.764026648443,1.89850916508e-06,0.0,6.28251979899,2.1164710954,0.0,-0.515390942767,0.000127291567932,-20.3417433444,-0.0106672430996,27.2029408572,0.0,141.314515839,848.10613382,21.3654856021,3.38814894974,90,108.0
2.1600000000000015,-0.748707764737,7.58905399853e-06,0.0,6.2821963407,2.07906324099,0.0,-0.551936725781,0.00019646424332,-20.3871665034,-0.01582178561,26.8085744388,0.0,138.950583301,848.739676782,20.3436187535,3.67853220195,91,108.0
2.1600000000000015,-0.772859800318,3.46456523306e-06,0.0,6.28243633995,2.05237956377,0.0,-0.546742886256,0.000141933699152,-20.3722182771,-0.0122203553172,26.917966855,0.0,139.656665344,846.973807686,20.5494598897,3.07360313236,92,108.0
2.1600000000000015,-0.756445171284,4.8705029432e-07,0.0,6.28291476601,2.17303679626,0.0,-0.499001824383,4.0224601366e-05,-20.400089704,-0.00728217522201,27.3275171219,0.0,138.386569793,846.975581985,20.3149500462,2.59804849421,93,108.0
2.1600000000000015,-0.769818577836,1.39589881367e-06,0.0,6.28268288461,2.12933596436,0.0,-0.521851852871,9.68236150484e-05,-20.3505969078,-0.00852658440201,27.2010602874,0.0,137.328754105,847.389715281,19.6032124945,3.18719301533,94,108.0
2.1600000000000015,-0.764721000215,-1.89825182135e-06,0.0,6.28286860484,2.15222600074,0.0,-0.500256739315,4.36518991369e-05,-20.3973317095,-0.00732240449256,27.341366639,0.0,137.345941881,847.14191792,20.318171299,2.88551257644,95,108.0
2.1600000000000015,-0.785012194941,1.98218919914e-07,0.0,6.28291995333,2.24697294885,0.0,-0.52472550225,4.26863318758e-05,-20.430293357,-0.00660608011479,27.344283282,0.0,136.452620616,847.205155643,19.3990103694,2.94444686991,96,108.0
2.1600000000000015,-0.769592149713,-9.35215569896e-07,0.0,6.2829473508,2.16684548712,0.0,-0.504334675165,3.29112214713e-05,-20.4031173251,-0.00588655699935,27.3427315065,0.0,134.965337522,846.914778229,18.6480909438,3.27600535655,97,108.0
2.1600000000000015,-0.776385438085,2.52222255209e-06,0.0,6.28255905832,2.22739231807,0.0,-0.587736818924,0.000143361162456,-20.3806382804,-0.0089555274496,27.1670053256,0.0,133.221046699,848.257417125,18.8372208236,3.35874796187,98,108.0
2.1600000000000015,-0.803031952974,7.18697826637e-06,0.0,6.28195361356,2.43891912197,0.0,-0.623330179074,0.000310406484084,-20.5552494551,-0.0151256675925,27.0149459544,0.0,63.203513533,865.526400299,9.82025206145,0.376083582602,99,108.0
2.1600000000000015,-0.78337621446,3.9504752475e-06,0.0,6.28256644537,2.11602177073,0.0,-0.570270986106,0.000126141345654,-20.3980909291,-0.0101886984407,26.9601908201,0.0,132.815039006,847.669727487,18.8031654132,2.98499262096,100,108.0
2.1600000000000015,-0.751582350474,3.83378931275e-06,0.0,6.28261601537,2.05574476088,0.0,-0.536750407189,0.000110131301977,-20.3649054452,-0.00969232443683,26.971150432,0.0,129.970644122,847.711680914,18.5820846428,3.21273388667,101,108.0
2.1600000000000015,-0.776413068233,2.32853712799e-06,0.0,6.28258427717,2.10941647746,0.0,-0.566999643342,0.000121235653749,-20.3940291731,-0.00961642753696,26.9381309317,0.0,130.73552408,846.740305255,18.1840766963,3.78635409216,102,108.0
2.1600000000000015,-0.78214401545,6.22967701476e-06,0.0,6.28240369531,2.10360274055,0.0,-0.573682371274,0.000159997287458,-20.4073169595,-0.0123303054487,26.8026587911,0.0,130.173131249,847.213312693,17.8484243795,2.49888739439,103,108.0
2.1600000000000015,-0.787560084463,2.5276028673e-07,0.0,6.28295041451,2.23259617952,0.0,-0.522688783433,3.76997123247e-05,-20.4297105508,-0.0056188868303,27.3506836569,0.0,129.904377838,846.451702454,17.8770607076,2.9665776688,104,108.0
2.1600000000000015,-0.745638325831,5.2467377942e-06,0.0,6.28210934311,2.35880020817,0.0,-0.600657020782,0.000261868657367,-20.5213043008,-0.0129809672932,27.0289582146,0.0,59.714795314,865.910068456,8.49070860528,1.11597407638,105,108.0
2.1600000000000015,-0.79950799656,-3.39935129572e-07,0.0,6.28296806156,2.25529295702,0.0,-0.530055163517,3.44557877758e-05,-20.4397491799,-0.00536803481153,27.3433906458,0.0,128.214613624,845.865641664,17.6230541981,3.12100796732,106,108.0
2.1600000000000015,-0.778297344673,5.7286145101e-06,0.0,6.28212393872,2.44270297971,0.0,-0.610864529379,0.000269034677233,-20.5460786848,-0.0129490395466,27.0160818426,0.0,59.5985270927,865.13502687,9.37094801092,1.81800301425,107,108.0
2.1600000000000015,-0.798077823371,4.68762491293e-06,0.0,6.28251979184,2.13844242593,0.0,-0.589986720804,0.000138985673317,-20.4265563404,-0.0105017726543,26.8110241276,0.0,127.357953694,846.690746815,16.866395429,3.2171520013,108,108.0
2.1600000000000015,-0.795343238659,4.89764757103e-06,0.0,6.28224972684,2.43088504521,0.0,-0.619289583057,0.000234073604517,-20.5523751374,-0.0115456805437,27.0028008393,0.0,58.0958309484,865.020208831,8.45561519062,1.09513960256,109,108.0
2.1600000000000015,-0.783881635262,2.92767994809e-07,0.0,6.28302028472,2.23648465143,0.0,-0.522086323835,2.55264152952e-05,-20.4311363508,-0.00453697326346,27.3523096423,0.0,124.938249777,845.958996753,16.370074504,2.82657495152,110,108.0
2.1600000000000015,-0.766685655059,-9.61022433918e-07,0.0,6.28299591733,2.19910486337,0.0,-0.50717371114,2.67921885982e-05,-20.4124862939,-0.00478330302416,27.3351586679,0.0,123.220158511,845.382230243,16.852653418,3.25108610508,111,108.0
2.1600000000000015,-0.764656682602,-6.55670386615e-07,0.0,6.28298583397,2.21883833321,0.0,-0.510236831827,3.02084555689e-05,-20.4204175498,-0.00510154494107,27.361227172,0.0,122.953433433,846.255773108,17.0942537211,3.07403077178,112,108.0
2.1600000000000015,-0.799423331575,2.97881237677e-06,0.0,6.28270003963,2.10814955218,0.0,-0.574594433504,9.85298402285e-05,-20.4042443233,-0.00802896624447,26.9296533849,0.0,122.087598012,845.512208321,16.720741763,2.58547451175,113,108.0
2.1600000000000015,-0.75346980842,1.41447937347e-06,0.0,6.28269294992,2.14207856432,0.0,-0.549795211482,0.00010253010538,-20.3470471733,-0.00695566334547,27.1426597323,0.0,119.803082184,845.888862308,16.5921413102,2.9124473833,114,108.0
2.1600000000000015,-0.769121337594,2.74049187242e-06,0.0,6.28272051141,2.04110792452,0.0,-0.540555273062,8.92366015602e-05,-20.3696723252,-0.00752875342605,26.9368020976,0.0,120.636335455,845.739961693,15.939292467,2.67081424902,115,108.0
2.1600000000000015,-0.744226445921,-1.41651220845e-06,0.0,6.28294770275,2.14223173523,0.0,-0.488689365284,3.17164447707e-05,-20.3887464868,-0.00467635714598,27.456663045,0.0,119.198510645,849.557315873,16.4047304852,2.7257615025,116,108.0
2.1600000000000015,-0.796452298288,3.85174214304e-06,0.0,6.28263630698,2.11115371053,0.0,-0.579582200659,0.000111171660647,-20.4165549609,-0.00864770907357,26.9323612026,0.0,121.052478072,849.860394172,15.1426332623,2.97460965105,117,108.0
2.1600000000000015,-0.759248133531,5.40806809318e-06,0.0,6.28226069364,2.71651408044,0.0,-0.35799278925,0.000136170631222,-20.4931873243,-0.0344604067041,24.8859259818,0.0,228.168595758,754.775849031,50.3127892925,21.2904721086,118,108.0
2.1600000000000015,-0.770277155498,-1.64120562739e-06,0.0,6.2829709942,2.173861517,0.0,-0.50827109799,2.94513298333e-05,-20.4041948709,-0.00452303060656,27.4792734669,0.0,118.51500681,850.423124211,16.1325388753,2.82663117235,119,108.0
2.1600000000000015,-0.774207560953,1.45931550643e-07,0.0,6.2830644411,2.2255931089,0.0,-0.517700549193,1.71692982114e-05,-20.4231117573,-0.00360988895268,27.4796545298,0.0,118.143689035,850.275339029,14.9114787372,3.08245327443,120,108.0
2.1600000000000015,-0.782081207885,-8.11205829839e-07,0.0,6.28298155928,2.24752662076,0.0,-0.523949954418,3.25900185748e-05,-20.432295949,-0.00449189243805,27.4730202368,0.0,116.812936089,849.771696375,15.9110814601,2.32491252862,121,108.0
2.1600000000000015,-0.783447614882,6.25283382218e-06,0.0,6.28234949741,2.7604906345,0.0,-0.358088712685,0.000118895028031,-20.4960532258,-0.0314735100321,24.8938662064,0.0,226.781516653,754.545741257,49.1491049276,22.5586823815,122,108.0
2.1600000000000015,-0.764791558281,-1.30039913415e-06,0.0,6.28300925589,2.20136418419,0.0,-0.510296344238,2.45964432499e-05,-20.4109290272,-0.00400941326432,27.4960378446,0.0,114.78796078,850.563063704,15.3538750019,2.50289010899,123,108.0
2.1600000000000015,-0.758740567209,-8.14105283218e-07,0.0,6.28303014343,2.21987614312,0.0,-0.50888529021,2.24507436742e-05,-20.4154037663,-0.00345859509775,27.4930561288,0.0,114.778088408,850.294616918,14.4719526597,3.33230403991,124,108.0
2.1600000000000015,-0.765174270598,-7.25709091973e-08,0.0,6.28304235557,2.197087669,0.0,-0.50753690967,2.16092651028e-05,-20.4109516564,-0.0036643345732,27.4685497493,0.0,113.868049738,849.373201633,14.6732648243,3.3477059168,125,108.0
2.1600000000000015,-0.761439834368,2.39370747718e-06,0.0,6.28282427034,2.07086886679,0.0,-0.542556245178,7.03793986295e-05,-20.3746835911,-0.00600343716774,27.0827322544,0.0,112.772588606,849.380483196,14.5124351279,2.79911390418,126,108.0
2.1600000000000015,-0.779198491809,5.48057703752e-07,0.0,6.28307444841,2.18675798987,0.0,-0.512037216486,1.53885508204e-05,-20.414034212,-0.00321576334317,27.4672090663,0.0,112.632692363,849.021969262,14.226492118,3.45323355253,127,108.0
2.1600000000000015,-0.74584085297,2.960585321e-06,0.0,6.28281274575,2.02344100529,0.0,-0.519592103683,7.00442497087e-05,-20.3565271571,-0.00611237437951,27.0890627069,0.0,111.695639891,849.610038085,14.4905586509,2.64954650278,128,108.0
2.1600000000000015,-0.773256346279,2.63260091299e-06,0.0,6.28274741895,2.09786396275,0.0,-0.565000568759,8.65823899058e-05,-20.401723932,-0.00700616085165,26.951585133,0.0,111.765231552,849.49175989,13.6901516251,3.05214649563,129,108.0
2.1600000000000015,-0.769898133389,3.58575071009e-06,0.0,6.28250430769,2.37062189763,0.0,-0.61098804671,0.000165691274992,-20.5267803399,-0.00837972454431,27.1522755642,0.0,49.8069800974,867.892941334,6.89894019422,0.518051173056,130,108.0
2.1600000000000015,-0.778414229103,4.37294634489e-06,0.0,6.28243429005,2.7536030698,0.0,-0.354913552633,0.000105589536799,-20.4955723078,-0.0276438532963,24.9155588976,0.0,219.490864849,753.48092266,46.8464792874,22.6997627325,131,108.0
2.1600000000000015,-0.769326232167,9.74286696874e-07,0.0,6.28290886793,2.11747386369,0.0,-0.516927060909,5.26707223936e-05,-20.3447230488,-0.0046637824675,27.3463491632,0.0,109.28169264,849.630290499,14.4193774944,2.18036887172,132,108.0
2.1600000000000015,-0.756383599452,-4.24211900876e-07,0.0,6.28307506233,2.1786643859,0.0,-0.500297472376,1.46691841622e-05,-20.402495772,-0.00288024101154,27.4865568235,0.0,109.109774542,849.424483127,13.3668422914,3.19458672058,133,108.0
2.1600000000000015,-0.796705372923,1.18731664484e-06,0.0,6.28296547648,2.2921646035,0.0,-0.627903870008,5.82124627355e-05,-20.3950501887,-0.00211212019128,27.732577682,0.0,47.4513326119,867.813480058,5.74021744108,1.0513527579,134,108.0
2.1600000000000015,-0.788430939634,4.97773592783e-06,0.0,6.28250422188,2.78720198002,0.0,-0.356437247329,8.8615235361e-05,-20.4926157342,-0.0269387289557,24.855608273,0.0,229.977951947,753.544675227,61.3533816829,46.0175429779,135,108.0
2.1600000000000015,-0.788097405064,-3.97139591211e-07,0.0,6.28307845415,2.21279153759,0.0,-0.519877073426,1.45213298325e-05,-20.4260418627,-0.00273724633782,27.4569387604,0.0,107.894035314,848.109766371,13.3196474594,3.50380700427,136,108.0
2.1600000000000015,-0.768266231466,4.90602298207e-07,0.0,6.28299369501,2.12319638575,0.0,-0.516913733668,3.61770554961e-05,-20.3461486717,-0.00341519606012,27.3590597835,0.0,105.865991252,849.402018727,12.9602815704,3.09989993547,137,108.0
2.1600000000000015,-0.778202420032,-5.56098335418e-07,0.0,6.28308441515,2.2463355771,0.0,-0.521649709999,1.39274033111e-05,-20.4311452355,-0.00265263332702,27.4802247918,0.0,106.526020644,849.03294645,13.0653321877,3.1283947176,138,108.0
2.1600000000000015,-0.781106495167,-2.50907449877e-06,0.0,6.28297847495,2.20930226193,0.0,-0.517407948155,2.93897407336e-05,-20.420008133,-0.0033622941041,27.4807085228,0.0,105.836802604,848.82562564,13.9348378136,2.82423696446,139,108.0
2.1600000000000015,-0.780216497729,-7.17469111729e-07,0.0,6.28308434685,2.21230838131,0.0,-0.516122894154,1.34157737314e-05,-20.4227992975,-0.00267994194154,27.48297331,0.0,105.152828069,848.808723429,12.839198508,2.4599434455,140,108.0
2.1600000000000015,-0.763179380231,-1.78585414165e-06,0.0,6.28307959334,2.15940024714,0.0,-0.499771721383,1.20661758674e-05,-20.4013256467,-0.00231462796603,27.4851892678,0.0,104.360269667,848.90301127,12.0451438777,2.55783820818,141,108.0
2.1600000000000015,-0.799311451282,-1.03350685755e-06,0.0,6.2830538188,2.22533757989,0.0,-0.527232570333,1.87931090254e-05,-20.4318849717,-0.0030038911671,27.4680885951,0.0,104.517751172,848.076726452,13.3410233028,2.51703673286,142,108.0
2.1600000000000015,-0.785343418192,1.88803852799e-06,0.0,6.28281721955,2.08215849307,0.0,-0.56605047443,7.11034484665e-05,-20.4032908817,-0.00584523451658,26.9441300176,0.0,103.841173207,848.63486624,12.5806965172,2.848814426,143,108.0
2.1600000000000015,-0.786524889507,2.90711422452e-06,0.0,6.28261385846,2.39845399538,0.0,-0.618743062159,0.000141152974518,-20.5381234889,-0.00697356550752,27.1310657953,0.0,45.7687221243,867.126525125,6.39267552744,0.959525286231,144,108.0
2.1600000000000015,-0.760875689493,1.65951016781e-06,0.0,6.28280059557,2.08780194568,0.0,-0.555532219724,7.48835007957e-05,-20.398678122,-0.00598435000682,26.9624899023,0.0,101.809033054,849.029350342,12.3768524429,2.5042386535,145,108.0
2.1600000000000015,-0.775663149662,2.41165755957e-06,0.0,6.282832325,2.09362805172,0.0,-0.563619845572,6.9981598019e-05,-20.4079531571,-0.00578281055386,26.9468932494,0.0,101.910248484,848.492208804,12.5559682805,3.06803885022,146,108.0
2.1600000000000015,-0.744600528784,6.12175898371e-08,0.0,6.28309740265,2.19075206023,0.0,-0.496554437195,1.19773095414e-05,-20.4033343524,-0.00244114475312,27.5073074365,0.0,100.36646238,849.47117271,12.5192794804,3.30128796077,147,108.0
2.1600000000000015,-0.812668437034,3.00139842075e-06,0.0,6.28262633637,2.43238533996,0.0,-0.628859511945,0.000140533737989,-20.5531948032,-0.00681874186068,27.1070193504,0.0,44.2104908294,866.523127119,6.45272675512,1.2822540234,148,108.0
2.1600000000000015,-0.768225536918,1.1208368252e-06,0.0,6.282927547,2.05150906387,0.0,-0.538998532524,4.76229244859e-05,-20.3736271249,-0.0043246601759,27.0828186264,0.0,100.492399443,848.353603248,12.4535208675,2.07585073196,149,108.0
2.1600000000000015,-0.788604799973,1.83497758688e-06,0.0,6.28291335481,2.1045362793,0.0,-0.566390325619,5.51521506856e-05,-20.3973693318,-0.00460895331243,27.0707922238,0.0,99.9787024706,848.220632973,12.7491589931,2.28698092652,150,108.0
2.1600000000000015,-0.765523856604,6.36377336766e-08,0.0,6.28310280468,2.19321437359,0.0,-0.505732792335,1.14471847777e-05,-20.4144103265,-0.00242008093434,27.4800970826,0.0,98.7196758834,848.020610083,12.3633685629,2.97700904467,151,108.0
2.1600000000000015,-0.753896740815,2.17192514659e-06,0.0,6.28283294825,2.04153894412,0.0,-0.539368131648,6.53881516823e-05,-20.3846967381,-0.00558469229794,26.9172478001,0.0,97.3806070821,847.321421802,12.1308384391,2.12370014486,152,108.0
2.1600000000000015,-0.792139546372,3.43902584135e-07,0.0,6.28302125501,2.21280825757,0.0,-0.568697794378,3.03379031263e-05,-20.487842488,-0.00333204692151,27.2038006261,0.0,98.8948912227,847.857196993,11.8397049603,2.97379167082,153,108.0
2.1600000000000015,-0.760727694736,2.10363659788e-06,0.0,6.2827278574,2.36795574322,0.0,-0.608360390844,0.000111080467431,-20.5270508873,-0.00557988661452,27.1110002295,0.0,42.3408008804,866.228669312,5.21114497552,0.788443673463,154,108.0
2.1600000000000015,-0.774099653293,-1.16305571112e-07,0.0,6.28311213153,2.19201554582,0.0,-0.510264904366,9.65103725865e-06,-20.4168172491,-0.0021562320907,27.4774659177,0.0,97.5514968731,847.895074477,11.6973989865,2.6653515519,155,108.0
2.1600000000000015,-0.767092791804,-4.09791827333e-07,0.0,6.28309491782,2.22061418255,0.0,-0.510621228475,1.30753078919e-05,-20.4225535386,-0.002366816742,27.4883160214,0.0,96.2090395954,848.045759247,11.865666012,2.17974523447,156,108.0
2.1600000000000015,-0.760880955536,-1.06744585454e-06,0.0,6.28308502486,2.19200824845,0.0,-0.503720399725,1.32667751379e-05,-20.4130020354,-0.00224413575419,27.4806715382,0.0,95.9705406688,848.060761606,11.7887308119,2.98690894372,157,108.0
2.1600000000000015,-0.762816556229,-1.81441576919e-06,0.0,6.28310995939,2.16432284259,0.0,-0.498215331916,6.97190752127e-06,-20.4058940395,-0.00211448829182,27.4742588928,0.0,96.165264569,847.567451337,11.6831352904,2.56626893272,158,108.0
2.1600000000000015,-0.781655852628,2.03769286696e-06,0.0,6.28268875822,2.74322850599,0.0,-0.356920870556,6.32531280568e-05,-20.5020184294,-0.0187703936983,24.9426066551,0.0,202.061193,750.811694615,40.5309287649,21.5737855731,159,108.0
2.1600000000000015,-0.783656789707,-8.16588559598e-07,0.0,6.28309110575,2.20353668026,0.0,-0.516130558983,1.28380246138e-05,-20.4238743593,-0.0021550232598,27.4761174669,0.0,95.0151230427,847.633017178,11.5868243782,2.92356623689,160,108.0
2.1600000000000015,-0.777272073249,2.18175354337e-06,0.0,6.28266735848,2.76318433147,0.0,-0.350437067839,6.61811868514e-05,-20.4965441408,-0.0195010204032,24.9830130152,0.0,200.034146748,751.830176403,40.3825936381,20.4041261343,161,108.0
2.1600000000000015,-0.753507443193,2.01670491293e-06,0.0,6.28278640551,2.36253686568,0.0,-0.60498942623,9.64775822322e-05,-20.5221185621,-0.00489019886146,27.1346122493,0.0,40.0089205229,867.175739991,4.99233222095,0.556619263809,162,108.0
2.1600000000000015,-0.801059937036,1.97656439958e-06,0.0,6.28289151001,2.15690099764,0.0,-0.591087986572,6.19837943742e-05,-20.4345642035,-0.00469930575511,26.953128118,0.0,93.6190366477,847.288238514,11.2970532716,2.4382360175,163,108.0
2.1600000000000015,-0.772971622899,1.18846971694e-06,0.0,6.28293797764,2.09995004607,0.0,-0.564700430174,4.82170033875e-05,-20.4081184861,-0.0039332371488,26.9527462638,0.0,91.9400848915,847.703004211,10.2684760364,2.29033130955,164,108.0
2.1600000000000015,-0.771622489812,-8.09419906558e-07,0.0,6.28311435773,2.20696436615,0.0,-0.511404633588,8.83034184114e-06,-20.4215703263,-0.00190398486481,27.4792482284,0.0,91.7205075168,847.403088504,10.8752870351,2.01820389863,165,108.0
2.1600000000000015,-0.763355048638,1.15949149928e-06,0.0,6.28297698143,2.0677285335,0.0,-0.542687256208,3.98173885431e-05,-20.3774847789,-0.00356019994774,27.0803102345,0.0,91.1108836786,847.785414415,11.444823571,1.67036162912,166,108.0
2.1600000000000015,-0.759281912044,2.81560821643e-06,0.0,6.28269793815,2.70496198823,0.0,-0.35573233241,6.79495944202e-05,-20.4993518541,-0.0178421120062,24.9812138178,0.0,196.028718059,751.326170509,38.9752576284,20.347532089,167,108.0
2.1600000000000015,-0.752702724424,3.35324322595e-06,0.0,6.28271121983,2.68750857363,0.0,-0.356553269699,6.50152400034e-05,-20.5011009292,-0.0179917921417,24.9805775918,0.0,194.491504858,751.018611101,39.3197805207,20.6353470161,168,108.0
2.1600000000000015,-0.764642563037,1.85581342178e-06,0.0,6.28281933736,2.32131763471,0.0,-0.611635536828,8.67928647567e-05,-20.5192971402,-0.00445941396751,27.0682941298,0.0,38.359137358,865.247389971,4.31585755559,0.868783962328,169,108.0
2.1600000000000015,-0.755315203221,-1.07996895988e-06,0.0,6.28310885411,2.16787927771,0.0,-0.496947262298,9.29781197708e-06,-20.4070552705,-0.00161418060727,27.4524971225,0.0,89.9561961682,846.499022093,10.0685656156,2.36625962248,170,108.0
2.1600000000000015,-0.814489332426,1.89266432506e-06,0.0,6.2829430524,2.15927068614,0.0,-0.597856539236,5.11052372475e-05,-20.4422850107,-0.00393445818606,26.9450891432,0.0,90.9169289867,846.734415372,10.5603526966,2.34416068626,171,108.0
2.1600000000000015,-0.772920365109,3.40203716361e-06,0.0,6.28270531468,2.70542104485,0.0,-0.361781310326,6.47205248656e-05,-20.5063239402,-0.0182530616327,24.9551119213,0.0,193.949890906,749.860054263,39.439746271,20.5096470008,172,108.0
2.1600000000000015,-0.782585461855,2.25402500205e-06,0.0,6.28274654241,2.75502351456,0.0,-0.353685186789,5.48808808657e-05,-20.5023421203,-0.0166338441461,24.9822479025,0.0,193.966682813,750.626286768,38.114826329,19.9989056966,173,108.0
2.1600000000000015,-0.770038318862,3.5298903171e-06,0.0,6.28277421243,2.69347726181,0.0,-0.36791095144,5.91079287002e-05,-20.5049936694,-0.0152345603902,24.9080563348,0.0,204.747756283,750.460110537,51.7934378044,41.9913210014,174,108.0
2.1600000000000015,-0.784516196626,1.65472858023e-06,0.0,6.28292257863,2.08834667829,0.0,-0.56872305684,5.19406367681e-05,-20.4097107139,-0.00421691899408,26.9482836578,0.0,88.0410088883,847.268546795,10.7617199232,2.82173181967,175,108.0
2.1600000000000015,-0.7912671465,-1.15086364136e-06,0.0,6.28309894377,2.24600045767,0.0,-0.523797062845,1.23655792139e-05,-20.4402890243,-0.00173233105914,27.4727730369,0.0,88.8759058934,846.723205434,10.4392825822,2.71183539149,176,108.0
2.1600000000000015,-0.734057460925,-1.91104418082e-07,0.0,6.28314347796,2.1128752406,0.0,-0.473882224285,4.33942439657e-06,-20.3832714565,-0.00129664021281,27.4611606773,0.0,85.7381593799,846.459622558,9.35742938237,2.3573758517,177,108.0
2.1600000000000015,-0.794539400166,3.00704863202e-06,0.0,6.28275928857,2.71008895395,0.0,-0.368284016037,5.65026142194e-05,-20.5119821898,-0.0163086252986,24.9186723747,0.0,191.560510795,747.574120753,38.3451634033,21.2806016934,178,108.0
2.1600000000000015,-0.777646897617,2.95341732757e-06,0.0,0.00032491777986,3.16325989521,0.0,-0.272883316118,1.64790664765e-05,-20.3880966776,0.0170061081835,24.3867441294,0.0,290.982726742,746.153190054,65.2774815071,75.1157259504,179,108.0
2.1600000000000015,-0.783187957237,2.27181807229e-06,0.0,6.28285094392,2.76148372326,0.0,-0.356904298022,4.5081392844e-05,-20.4974390704,-0.0120817238924,24.9347567955,0.0,202.583338369,750.885293417,50.870982875,43.0992446409,180,108.0
2.1600000000000015,-0.762979283466,3.26585159112e-06,0.0,6.2827516559,2.63627025397,0.0,-0.37250061863,6.3155016803e-05,-20.5089879719,-0.0162315073581,24.9074362413,0.0,187.57019914,747.234675589,37.6183882737,20.3356793769,181,108.0
2.1600000000000015,-0.777616892552,2.60919697027e-06,0.0,6.28271908391,2.71668693425,0.0,-0.359048137007,6.52033558396e-05,-20.5079071902,-0.0167536291327,24.9585812808,0.0,189.207748223,748.825942319,37.8575916486,19.9264059104,182,108.0
2.1600000000000015,-0.726062641032,-1.62442412318e-06,0.0,6.28310781747,2.08406631796,0.0,-0.464141898309,7.41071482609e-06,-20.3733227496,-0.001419585259,27.4778099229,0.0,83.6498261618,846.935218171,9.83459902081,3.43823838413,183,108.0
2.1600000000000015,-0.773847514411,2.3899021536e-06,0.0,6.28277666989,2.70712797247,0.0,-0.359873873329,5.36485652047e-05,-20.5062862144,-0.0155844343606,24.9663269295,0.0,187.584138212,748.984861871,37.4789042703,20.621915414,184,108.0
2.1600000000000015,-0.784831290367,1.58121891633e-07,0.0,6.28314686412,2.20130628349,0.0,-0.514772623349,5.03767728993e-06,-20.4247864068,-0.00119673392165,27.4609374921,0.0,83.9523255843,845.99251634,8.93852639715,2.54012512637,185,108.0
2.1600000000000015,-0.772682595405,2.7077373949e-06,0.0,6.28286129652,2.6761598957,0.0,-0.372431914199,4.89084272305e-05,-20.5083333478,-0.0113394340968,24.9034422626,0.0,199.056608852,749.099719909,49.4828996302,42.1282322713,186,108.0
2.1600000000000015,-0.761784102968,1.88270860945e-06,0.0,6.28296732177,2.06674386244,0.0,-0.54995411938,4.26772710453e-05,-20.3991413914,-0.00349260172961,26.9316764529,0.0,82.5731083254,846.436629985,9.68000046965,2.52782281552,187,108.0
2.1600000000000015,-0.766186662694,1.91130446126e-06,0.0,6.28279133669,2.7200090674,0.0,-0.352559411792,5.15368375423e-05,-20.503557037,-0.0146251385188,24.9721786528,0.0,184.860205853,748.742078875,36.3842172758,20.1426906874,188,108.0
2.1600000000000015,-0.79633252914,-1.48207312693e-06,0.0,6.28310262562,2.24500541866,0.0,-0.52625816366,1.1838204907e-05,-20.4415134271,-0.00116143328124,27.4477086608,0.0,82.6951206366,845.280477253,8.83456868217,2.81868914637,189,108.0
2.1600000000000015,-0.76149926244,1.10695628487e-06,0.0,6.28295685204,2.11142843164,0.0,-0.561306521504,4.55446783983e-05,-20.4112370098,-0.00363437842823,26.9635067887,0.0,81.8439722049,847.149266934,9.68522761772,1.93343528313,190,108.0
2.1600000000000015,-0.753817756658,3.0405997703e-06,0.0,6.28286590817,2.66503600656,0.0,-0.365953699426,4.65868994203e-05,-20.5048104311,-0.0115798747796,24.9264050921,0.0,195.606181117,749.459260322,48.5724738887,40.7201785047,191,108.0
2.1600000000000015,-0.780817457487,-1.00636236325e-06,0.0,6.28313125453,2.19763835787,0.0,-0.511171639737,6.51863031408e-06,-20.4245478474,-0.00125618257863,27.4487186065,0.0,82.1299011336,845.47994064,9.15297233173,2.72000951228,192,108.0
2.1600000000000015,-0.777230436248,-1.34809099943e-06,0.0,6.28310236276,2.17356142381,0.0,-0.506715750004,1.05477070885e-05,-20.4139967589,-0.0014507431991,27.4533541544,0.0,80.8328149262,845.486765126,9.4880987458,2.28184265592,193,108.0
2.1600000000000015,-0.766793648424,2.14172662787e-06,0.0,6.28281513723,2.64878387697,0.0,-0.370245558901,5.00513139708e-05,-20.5097043094,-0.0142412765875,24.9426858493,0.0,181.467381987,747.143017505,35.7645364335,19.604846799,194,108.0
2.1600000000000015,-0.780887805834,2.92222355593e-07,0.0,6.28298805803,2.39474821928,0.0,-0.481622812317,3.7903666669e-05,-20.5785821229,-0.00435025866337,26.1458322005,0.0,52.8213868893,791.531286,14.0354981932,4.06373782391,195,108.0
2.1600000000000015,-0.769272346727,6.96257195182e-07,0.0,6.28301209617,2.1363015877,0.0,-0.570775236276,3.38918073508e-05,-20.4183371092,-0.00277472906713,27.0622209459,0.0,79.5505133825,850.016017103,8.52152096674,1.60554510669,196,108.0
2.1600000000000015,-0.761356875013,-2.327185356e-07,0.0,6.28314462807,2.17181047504,0.0,-0.502189605299,4.77178093816e-06,-20.4053556702,-0.00119049794071,27.6023818075,0.0,79.0955163612,851.326581377,8.93392571039,2.71121864582,197,108.0
2.1600000000000015,-0.771084909467,-1.36494338699e-07,0.0,6.28313946299,2.19434577345,0.0,-0.509842067734,5.80672261229e-06,-20.4153259952,-0.00129748779318,27.6026380568,0.0,79.2179660471,851.139676005,9.17919919198,2.18256985076,198,108.0
2.1600000000000015,-0.786564388616,-2.34127551468e-07,0.0,6.28313361999,2.20678098672,0.0,-0.518408825606,7.02497886939e-06,-20.4238867804,-0.00128953719027,27.5722452091,0.0,79.5533287499,850.125803578,9.22299690075,2.90555209249,199,108.0
2.1600000000000015,-0.788918160823,2.87352291965e-06,0.0,6.28290416844,2.65736870479,0.0,-0.387412432506,4.42674361899e-05,-20.5124105508,-0.00977153345188,25.1087051578,0.0,193.870290621,755.906110574,47.7638452507,41.379980031,200,108.0
2.1600000000000015,-0.764928828312,7.99542268694e-07,0.0,6.28305954705,2.07077134212,0.0,-0.541354083685,2.43996937597e-05,-20.3794605528,-0.00213549634171,27.2245359246,0.0,78.2415630354,851.293502913,8.9642905258,2.56771334547,201,108.0
2.1600000000000015,-0.759857097293,-3.98296334822e-07,0.0,6.28312904156,2.17187782857,0.0,-0.500837901048,7.17716643494e-06,-20.4036298739,-0.00114033492166,27.590606635,0.0,76.8053805782,850.748374984,8.65635110198,2.37444140802,202,108.0
2.1600000000000015,-0.77487485271,1.29239554928e-06,0.0,6.28298078052,2.08595396925,0.0,-0.558576769875,3.98157579893e-05,-20.4024970102,-0.00325697248138,27.124411333,0.0,76.9961780761,851.792548508,9.09292973495,1.70318706203,203,108.0
2.1600000000000015,-0.747868709088,-5.66963095015e-07,0.0,6.28313098263,2.15453248731,0.0,-0.491221065082,6.44363630336e-06,-20.3975102147,-0.00112672369681,27.5993796733,0.0,76.5075089325,850.96660057,8.72456256858,2.86122985038,204,108.0
2.1600000000000015,-0.757642276034,-3.22280849228e-07,0.0,6.28314298671,2.18085072914,0.0,-0.50196631899,5.2445471767e-06,-20.4070074305,-0.000951535636621,27.5950618602,0.0,75.3140729957,850.811310449,7.87364566106,1.88368586708,205,108.0
2.1600000000000015,-0.788202560206,5.98893434012e-07,0.0,6.28307898848,2.07862161,0.0,-0.553364616525,2.03076253656e-05,-20.3880010394,-0.00187131657433,27.2001627624,0.0,76.764496291,850.387933812,8.5650197406,2.65088319633,206,108.0
2.1600000000000015,-0.750639531614,3.20410247341e-06,0.0,6.28292618225,2.64353577043,0.0,-0.372457283025,3.79340837422e-05,-20.5020739522,-0.0097340683083,25.182046431,0.0,186.964333048,757.725735297,46.2635032708,39.4423075244,207,108.0
2.1600000000000015,-0.75216257571,1.45647510764e-07,0.0,6.28312256335,2.15007075546,0.0,-0.493178750539,9.22768431275e-06,-20.3968278656,-0.00138931934047,27.5746910365,0.0,76.03736268,850.141824946,9.09117752139,2.15113665668,208,108.0
2.1600000000000015,-0.775195507222,2.46147897968e-06,0.0,6.28293227104,2.66890811905,0.0,-0.378765192486,3.7517217922e-05,-20.5075991213,-0.00918420589069,25.1624224541,0.0,188.417670996,757.016090562,46.6226854962,40.387871198,209,108.0
2.1600000000000015,-0.759247586038,-1.09437990128e-06,0.0,6.28313455418,2.12492476504,0.0,-0.49064935908,5.08577091532e-06,-20.3915862981,-0.000948941737097,27.58371705,0.0,74.5003853506,850.18054114,8.14412854088,2.6803586745,210,108.0
2.1600000000000015,-0.792244444804,1.12787359266e-06,0.0,6.2829310843,2.36014762871,0.0,-0.624546960186,6.10116550158e-05,-20.5305875533,-0.00312441829715,27.2031877638,0.0,30.7562736349,867.935415297,3.95633640252,1.00264715947,211,108.0
2.1600000000000015,-0.772431885055,-2.78931325695e-07,0.0,6.28315049369,2.13300123773,0.0,-0.497809777617,3.66407118298e-06,-20.397988152,-0.00104998315049,27.5583740539,0.0,74.8603882385,849.365598771,8.37560053471,2.34720725263,212,108.0
2.1600000000000015,-0.778105668131,-1.06594719432e-06,0.0,6.28310539659,2.17206594804,0.0,-0.508615002565,1.03893428849e-05,-20.4089698468,-0.00120101514576,27.5859042175,0.0,73.2983080596,850.266321731,8.80829359957,2.85593128916,213,108.0
2.1600000000000015,-0.7753490306,2.74657976628e-06,0.0,6.28294568088,2.6238444733,0.0,-0.387789319288,3.89999883163e-05,-20.5101769441,-0.00816339924052,25.1247716048,0.0,186.73045679,755.453636873,45.906478167,40.4679504564,214,108.0
2.1600000000000015,-0.763562060348,2.53644362268e-06,0.0,6.28294713672,2.62631513764,0.0,-0.382342320539,3.8961843588e-05,-20.5095449564,-0.00801288197677,25.1477177014,0.0,185.076281411,755.949675634,45.4711503288,40.0855963367,215,108.0
2.1600000000000015,-0.773769041241,1.88889358185e-06,0.0,6.28285522748,2.62109856313,0.0,-0.383395497091,4.73260347069e-05,-20.5146358565,-0.0122112824417,25.1760423184,0.0,172.809167198,754.747421392,33.8657317948,19.6580851569,216,108.0
2.1600000000000015,-0.786007713822,1.82674715066e-06,0.0,6.28299171099,2.10590360116,0.0,-0.569159471174,3.95596196139e-05,-20.4147835742,-0.00310518121165,27.0830812706,0.0,73.6667638521,850.130475922,8.95315657557,1.47130572924,217,108.0
2.1600000000000015,-0.772375792432,4.10849039418e-07,0.0,6.28315799079,2.141775605,0.0,-0.497874853333,3.59329024551e-06,-20.4140439249,-0.00090534214996,27.5549129399,0.0,72.349969906,849.186286291,7.87039047959,2.4451617161,218,108.0
2.1600000000000015,-0.756759931907,-2.49256900509e-06,0.0,6.28308223668,2.16541196669,0.0,-0.497957339315,1.20110359848e-05,-20.4061480082,-0.00118372400048,27.5925184419,0.0,72.2206546501,850.381473043,8.53768127544,1.93780034667,219,108.0
2.1600000000000015,-0.794484488298,3.37088446104e-06,0.0,0.000568794508855,3.07293567986,0.0,-0.295282581785,-8.77397424209e-06,-20.4243505905,0.0227615116654,24.6315288081,0.0,271.976152898,750.216407747,58.6076241028,72.0771920299,220,108.0
2.1600000000000015,-0.751801545104,1.52626674084e-06,0.0,6.28287785081,2.61248549065,0.0,-0.376058500941,4.27428294968e-05,-20.5106660744,-0.0114073815781,25.207366999,0.0,169.249530711,755.59144911,32.7085444412,18.7403263599,221,108.0
2.1600000000000015,-0.777946982784,3.91129983211e-06,0.0,0.000569304535492,3.04374053694,0.0,-0.291963960909,-4.41303182605e-06,-20.4257529486,0.0240965547194,24.5882460418,0.0,271.706263047,748.185046798,59.8500784599,73.7934047134,222,108.0
2.1600000000000015,-0.799161698207,9.96652620104e-07,0.0,6.28309107238,2.12341026994,0.0,-0.57212683922,1.90747003555e-05,-20.409360972,-0.00165333588184,27.1791029784,0.0,71.7391849654,849.293889911,8.2940138342,2.74218168795,223,108.0
2.1600000000000015,-0.762655729087,-8.00178531509e-07,0.0,6.28314137256,2.16662504004,0.0,-0.499926564881,4.6742921985e-06,-20.4068537082,-0.00104546244204,27.5923356227,0.0,70.5842226911,850.255783765,8.27331837681,1.80488685323,224,108.0
2.1600000000000015,-0.76861374009,-1.77001368825e-06,0.0,6.28311659802,2.16881207149,0.0,-0.503137939577,7.52018406528e-06,-20.4097640195,-0.000944554661333,27.5954141272,0.0,69.9851690809,850.211833849,7.89057783411,2.26297516495,225,108.0
2.1600000000000015,-0.797355338239,3.86667949669e-06,0.0,6.28294947272,2.68867597263,0.0,-0.380636901613,3.81822765776e-05,-20.5147974257,-0.00825485880406,25.1405208839,0.0,184.126490977,755.085748174,45.6111404323,40.1310864405,226,108.0
2.1600000000000015,-0.777782288061,1.61876090621e-06,0.0,6.28298298973,2.6600083079,0.0,-0.379818592701,3.24120461245e-05,-20.5105325013,-0.00660120286834,25.1564994517,0.0,181.36714868,755.582317038,44.3036034706,39.7671356805,227,108.0
2.1600000000000015,-0.785467774468,-8.88936414162e-07,0.0,6.28313705064,2.26128433193,0.0,-0.525341603471,6.56609116027e-06,-20.4409719163,-0.000848477537602,27.5993282063,0.0,69.7520461455,850.347619298,7.91243025108,3.24714758408,228,108.0
2.1600000000000015,-0.762876674106,-5.86665242745e-07,0.0,6.28313589203,2.16060000894,0.0,-0.498793432173,6.22380754842e-06,-20.4060496308,-0.000949631947527,27.5843178798,0.0,68.5843020401,849.799199271,7.88086581813,2.36966619814,229,108.0
2.1600000000000015,-0.782100067291,-1.86878232221e-06,0.0,6.28311613771,2.17358097996,0.0,-0.508961891709,7.57001778852e-06,-20.4133669442,-0.000977791822457,27.5626988604,0.0,68.8957381351,849.051329794,8.01872942734,2.33632062938,230,108.0
2.1600000000000015,-0.773107435821,-5.20618378882e-07,0.0,6.28314008781,2.16729431645,0.0,-0.503916443586,5.6767228765e-06,-20.4114595839,-0.00102002372367,27.5641251382,0.0,68.7732951785,848.953448666,8.06194458687,2.05392848279,231,108.0
2.1600000000000015,-0.739539733767,-4.11711091251e-07,0.0,6.28313670778,2.14199763928,0.0,-0.483971461019,5.76826916172e-06,-20.3907188089,-0.00101869225451,27.6020344359,0.0,67.6221931974,850.505512146,7.9959636569,1.55942462179,232,108.0
2.1600000000000015,-0.750436585559,7.48651653845e-07,0.0,6.28304689254,2.02654031244,0.0,-0.529871275661,2.54109937299e-05,-20.3795533687,-0.00218639796529,27.0532885713,0.0,67.3969165342,849.056978511,7.65193253268,2.33431663095,233,108.0
2.1600000000000015,-0.736190290873,-1.50830574165e-06,0.0,6.28313335581,2.12938396003,0.0,-0.479769484845,4.70128698152e-06,-20.3877651212,-0.000913539659603,27.586717198,0.0,67.0285526951,849.853579561,7.81949809236,2.50702625615,234,108.0
2.1600000000000015,-0.789288894634,-2.25082972712e-06,0.0,6.28310768531,2.20550712382,0.0,-0.519280211432,9.46896499933e-06,-20.4296381556,-0.000951311893057,27.5674885097,0.0,68.0538742798,848.973728757,7.68127545348,1.85526063444,235,108.0
2.1600000000000015,-0.785338365228,1.06835205722e-06,0.0,6.28304899236,2.68115393959,0.0,-0.377852179933,2.28525083599e-05,-20.5118446002,-0.00409259148917,25.1646388593,0.0,178.525410841,755.32205547,42.2626345917,39.5436322489,236,108.0
2.1600000000000015,-0.769662362042,7.54114231261e-07,0.0,6.28305925614,2.08168117891,0.0,-0.554866324829,2.3879881704e-05,-20.4016399161,-0.00209100110115,27.0884774217,0.0,67.4964174832,850.048571174,7.93678497741,2.53020161743,237,108.0
2.1600000000000015,-0.763388909104,-3.12945028541e-06,0.0,6.28309269621,2.16282553828,0.0,-0.499837807236,9.72963957766e-06,-20.4059686433,-0.000843019379081,27.5687018919,0.0,66.7879145164,849.180771593,7.40034930364,2.10009956894,238,108.0
2.1600000000000015,-0.784706736005,-4.20624897774e-07,0.0,6.28314343779,2.21633865512,0.0,-0.519356790551,5.59614687114e-06,-20.4297734892,-0.00109893442746,27.5515122993,0.0,66.1152960825,848.511573304,8.39309264609,2.54168330539,239,108.0
2.1600000000000015,-0.820228332027,8.81904619665e-07,0.0,6.28303458906,2.45050027611,0.0,-0.631366308542,3.70682977771e-05,-20.5605651116,-0.00187607347303,27.1713516592,0.0,26.7431441051,866.948713783,2.81013372251,0.660709254037,240,108.0
2.1600000000000015,-0.750805828623,-2.32609229505e-07,0.0,6.28316028429,2.16672826611,0.0,-0.493877110274,2.53676824604e-06,-20.4029979251,-0.000827796521307,27.5673137865,0.0,65.4022350972,849.133947086,7.56623712055,2.00529238468,241,108.0
2.1600000000000015,-0.783407757289,-1.3176390761e-06,0.0,6.28313144568,2.18141175415,0.0,-0.511669417919,6.35221447398e-06,-20.4170280366,-0.000908343191183,27.5576306213,0.0,66.6280969604,848.612628779,7.82994974985,2.64460036733,242,108.0
2.1600000000000015,-0.787693016886,1.62377418064e-06,0.0,6.28303778647,2.65859432889,0.0,-0.383870701881,2.50761763287e-05,-20.5170869678,-0.00449967116462,25.1555051077,0.0,176.564472585,754.623941987,42.4897205026,39.5129844725,243,108.0
2.1600000000000015,-0.780871009509,-1.35435231097e-06,0.0,6.28314093612,2.18232993943,0.0,-0.510362613421,4.42041870566e-06,-20.4179340151,-0.000902857067608,27.5664905819,0.0,65.1595914965,848.863076926,7.81157329034,2.23125193441,244,108.0
2.1600000000000015,-0.761249863648,1.83008921315e-06,0.0,6.28302931613,2.64070556917,0.0,-0.375471469944,2.60606459624e-05,-20.5099720014,-0.00491954951985,25.1763550208,0.0,173.070123883,754.889688638,41.5472005558,38.0830852083,245,108.0
2.1600000000000015,-0.76738207746,-3.01284045539e-07,0.0,6.28314088591,2.16633808386,0.0,-0.500372007077,5.8047850435e-06,-20.4107012615,-0.000837918399146,27.5638544327,0.0,65.1271402292,848.699571338,7.35694126494,2.0014627462,246,108.0
2.1600000000000015,-0.792375202087,-1.45105123876e-06,0.0,6.2831177108,2.1987171756,0.0,-0.519854929045,8.55116581132e-06,-20.4250294779,-0.000817239146619,27.5719247726,0.0,64.8875131135,849.097138466,7.31115923855,2.21912607497,247,108.0
2.1600000000000015,-0.78762099816,1.64899446269e-06,0.0,6.28306243722,2.67205380604,0.0,-0.380358025806,2.10042678243e-05,-20.515107114,-0.00390945346076,25.1503916573,0.0,174.338542106,753.854620987,41.8387062056,39.315221918,248,108.0
2.1600000000000015,-0.772052360118,3.21699296187e-06,0.0,0.00057581948289,3.00209931546,0.0,-0.296783228147,-8.08642984632e-06,-20.4391165599,0.0243281701244,24.6577136744,0.0,259.017564129,747.964306647,57.0383832794,71.6364188774,249,108.0
2.1600000000000015,-0.743589900921,-2.05550387894e-07,0.0,6.28314731903,2.15868436916,0.0,-0.488596448313,5.04487155076e-06,-20.4014389058,-0.000759200685423,27.5662594417,0.0,62.4451351205,848.888946538,7.05983764018,2.13123564893,250,108.0
