time,x,y,z,phi,theta,psi,x_velocity,y_velocity,z_velocity,phi_velocity,theta_velocity,psi_velocity,rotor_speed1,rotor_speed2,rotor_speed3,rotor_speed4,episode,total_reward
0.7200000000000003,-1.18063679798,0.149915157848,0.0,4.61412425135,2.6645856221,0.0,-2.8282642451,-0.108836844399,-5.10446044787,-7.70322463842,13.7836385411,0.0,397.79212012,524.677197112,417.000068721,317.321702832,1,36.0
0.7800000000000004,-1.35469140579,0.161670788082,0.0,4.14319211316,3.41298726137,0.0,-2.95931931061,0.436391657083,-5.54584434156,-7.68005607009,13.516060726,0.0,377.162723368,557.565366003,392.721638554,314.533242189,2,39.0
0.7200000000000003,-1.18212630994,0.151524814874,0.0,4.61113890843,2.62730661432,0.0,-2.81846043966,-0.126015435295,-5.09913290699,-7.68742961529,13.7210449097,0.0,399.408294905,523.53107446,418.015256261,317.395519818,3,36.0
0.7200000000000003,-1.18106410967,0.153052112039,0.0,4.61570298095,2.59929038834,0.0,-2.8056054673,-0.137951580993,-5.09963644069,-7.67997987891,13.6846851512,0.0,399.371000877,522.51493722,418.487585317,317.408933961,4,36.0
0.7200000000000003,-1.18269853335,0.153622016578,0.0,4.59662414355,2.599964963,0.0,-2.80909853148,-0.13895638242,-5.09953145817,-7.70862332593,13.6820207868,0.0,399.960173573,522.71483167,418.982686218,318.385815437,5,36.0
0.7200000000000003,-1.34042075488,0.415921997754,0.0,4.42231969643,5.41835181542,0.0,-1.50093018677,1.59297373295,-6.05283033223,-7.86293067095,10.177750593,0.0,406.901161744,559.098738853,486.825918243,336.297401412,6,36.0
1.3800000000000008,0.357491820204,4.20257568563,0.0,4.5538386372,3.89127925374,0.0,2.39928174853,3.0365169605,-4.64045310442,-17.3260424315,-19.7611750282,0.0,711.996675407,285.736058545,782.481909105,460.60343772,7,69.0
0.5400000000000001,-0.72306948248,0.380381419456,0.0,1.84874138036,5.64177431377,0.0,-2.69422396083,2.30624639877,-7.06556922448,-12.8695596616,-20.6601983382,0.0,752.201016696,196.929483326,404.452307523,231.947295843,8,27.0
0.6600000000000003,-0.946331220031,-0.640620689083,0.0,3.12130862931,0.796478731419,0.0,-2.44033859336,-0.767148065501,-4.0567888174,-15.4807654723,-20.9276931663,0.0,730.042088442,405.203550954,554.215982218,396.321647194,9,33.0
0.48000000000000015,-0.360585445952,0.367659031952,0.0,3.14817136358,5.25820677354,0.0,-1.79960311722,1.37804934449,-7.64475712279,-8.81363773714,-19.7373593383,0.0,699.15077039,397.965126765,520.815296096,470.204787679,10,24.0
0.48000000000000015,-0.386617501169,-0.460823523731,0.0,0.630231471225,6.16133684377,0.0,-2.54147990299,-0.862687529121,-5.29121916161,-8.14411474382,-16.7671312237,0.0,587.571268667,422.344268899,488.035237764,480.966841755,11,24.0
0.4200000000000001,-0.0983113236559,-0.214544402188,0.0,0.518305096447,0.606009805261,0.0,-1.85841111603,-1.26187865406,-6.8031323013,-3.51574228292,-18.9849665101,0.0,684.323610686,449.812491293,598.148110612,568.62207499,12,21.0
0.6000000000000002,0.746414816989,-1.47003434812,0.0,5.5041957488,4.88955770516,0.0,1.92430402535,-5.67925357062,-4.81819896409,10.4603720139,-19.6480755464,0.0,800.295524974,477.267919708,425.115687377,644.286310911,13,30.0
0.48000000000000015,0.221909449602,-0.244935439594,0.0,3.93946530797,0.418726679139,0.0,-0.239984213671,-2.36043919406,-5.25020955822,13.7400950327,-18.1416860648,0.0,747.153462214,521.016150089,520.84796636,694.116189335,14,24.0
0.6000000000000002,1.42819301163,0.538640241847,0.0,2.21284276148,1.21712281431,0.0,3.69479318185,1.29063381698,-9.29437343944,15.3828398906,-15.989322776,0.0,823.105373021,656.73176076,688.89632099,807.355677398,15,30.0
0.6000000000000002,-3.5105173717,1.06862686312,0.0,5.33737338723,5.43873511155,0.0,-10.4425159573,0.598925084462,-9.84807596138,15.5174420069,-11.6321934187,0.0,876.726284892,802.343134374,613.799016125,844.635101929,16,30.0
0.6000000000000002,-1.88453025769,0.864768370321,0.0,1.65487366075,4.81348370255,0.0,0.379729991085,0.0942827851346,-3.55199869887,7.85635505986,-6.19619033992,0.0,891.534194581,885.040441046,881.711816473,885.90105643,17,30.0
1.9200000000000013,27.077536258,44.423467486,0.0,4.44604258295,4.28332227263,0.0,26.040750954,40.4405763869,-23.5651269935,1.59587917328,-0.721260548419,0.0,899.712103404,900.316580612,899.480857805,899.879525053,18,96.0
5.0399999999999805,-9.22516198771,40.0067483693,121.954786847,0.501418656267,0.315175551795,0.0,-3.7763349179,17.8181266901,22.7536668327,-0.0909708013166,0.353071015499,0.0,899.571926863,899.44244185,900.609989476,900.168218144,19,252.0
3.1800000000000024,-74.4629141276,1.72078159573,0.0,5.65614396014,0.653790193517,0.0,-30.1937489006,0.69139374676,-20.2301355705,-0.351905449055,28.8336486307,0.0,-0.20393681874,899.927664371,900.331444679,898.945888291,20,159.0
0.7800000000000004,0.619206252994,0.325808672379,0.0,3.38507607756,1.75443689501,0.0,0.203258284865,-1.22520560501,-6.66179281308,-19.2904103993,19.4613410012,0.0,707.661295486,899.55100811,899.7597931,604.050379407,21,39.0
0.6600000000000003,-0.505880268241,-0.266555675204,0.0,0.280741773281,0.530940392851,0.0,1.26954065183,0.106981959101,-5.89735140689,-28.7699146663,9.48167460401,0.0,871.861639176,899.581638037,899.359099668,28.4976116377,22,33.0
0.8400000000000004,-6.98944768699,1.47073346514,0.0,3.75818583986,3.97342252146,0.0,-10.0815399536,2.63610651773,-6.59200154273,-28.8257814133,3.5653279863,0.0,899.124375749,899.894870121,899.693749063,0.332107875852,23,42.0
0.8400000000000004,-2.65607725286,2.85379654552,0.0,3.82272942754,0.969240435913,0.0,-10.7492146548,3.81700244762,-4.74645207954,-28.8200203926,1.76720728359,0.0,897.259251451,899.810066538,899.432154861,0.583469057456,24,42.0
0.8400000000000004,-0.755567703695,2.91983707925,0.0,3.82524391789,0.354520714406,0.0,-3.44761491092,3.59775208759,-4.3815314739,-28.8221306782,0.98167441872,0.0,896.957846217,900.427109634,899.771132835,0.863329171384,25,42.0
0.8400000000000004,-0.440385674104,2.90134208908,0.0,3.84003796476,0.230630980824,0.0,-2.08994307008,3.57743437761,-4.43427534517,-28.8352669743,0.705403246987,0.0,897.455195104,899.653708622,900.083621491,0.264432252763,26,42.0
0.8400000000000004,-0.479505484083,2.92096219242,0.0,3.8307713035,0.225980134154,0.0,-2.21568253806,3.59134727096,-4.38733086914,-28.8360879905,0.608243812625,0.0,898.262227063,899.765128085,900.169516995,-0.0178288119562,27,42.0
0.8400000000000004,-0.419065433198,2.91631704759,0.0,3.81965506315,0.196230045378,0.0,-1.94373699886,3.56911187366,-4.34127277197,-28.8325921065,0.508015443114,0.0,898.520490346,899.557162115,900.148260378,1.01470654814,28,42.0
0.9000000000000005,-0.444259415865,3.07639005697,0.0,2.0610783143,0.193628142552,0.0,-1.93739295362,3.35365661435,-6.69589323684,-28.8277563257,0.554511208856,0.0,896.50109428,900.262291445,899.780606381,0.998387555524,29,45.0
0.8400000000000004,-0.318148395665,2.8992350079,0.0,3.80856560042,0.171817533014,0.0,-1.55943113065,3.53568332829,-4.31156957966,-28.8301660236,0.493725045338,0.0,899.124407881,900.671169179,899.920044444,-0.0356183204885,30,42.0
0.8400000000000004,-0.120544125371,2.89728833508,0.0,3.80241258472,0.0552153837104,0.0,-0.546007433299,3.52191965775,-4.30109511703,-28.8430070584,0.185398076227,0.0,898.90681644,899.600336846,900.253695538,0.49925986128,31,42.0
0.8400000000000004,-0.0402777611741,2.92074033187,0.0,3.87136606142,0.013085358959,0.0,-0.123218720388,3.6277866411,-4.50451718015,-28.8135599124,0.128271546433,0.0,899.181249309,900.034179895,899.405622351,0.165720968932,32,42.0
0.9000000000000005,-0.168396859818,3.0954484899,0.0,2.05835374637,0.0629572747747,0.0,-0.669385034175,3.37271647011,-6.70117441515,-28.8167416743,0.193537111772,0.0,898.390542755,899.571833362,899.405529795,0.843895896892,33,45.0
0.8400000000000004,-0.200307269418,2.94413939192,0.0,3.82669375628,0.100411741625,0.0,-0.94852027077,3.61208524904,-4.36273826411,-28.8290736525,0.287360846053,0.0,899.249424898,899.836116559,899.799496313,0.0121176124761,34,42.0
0.8400000000000004,-0.247258455041,2.93867127265,0.0,3.84138478509,0.129819620976,0.0,-1.18760842695,3.6226244293,-4.44689980844,-28.8422947274,0.382645539591,0.0,899.253496391,900.228606102,900.150011215,0.41167588999,35,42.0
0.8400000000000004,-0.269925556233,2.89808957553,0.0,3.8028751083,0.114122120172,0.0,-1.21387578483,3.52418387942,-4.27602943388,-28.8291143695,0.254728432734,0.0,898.833424796,899.180203948,899.954414075,0.307408313147,36,42.0
0.8400000000000004,-0.148844038663,2.91946551194,0.0,3.81783188565,0.0587009132442,0.0,-0.613125216631,3.56981773692,-4.35801237646,-28.8451074069,0.203259124179,0.0,899.207064592,900.280798873,900.220370189,0.0641191804184,37,42.0
0.8400000000000004,-0.151485688305,2.92778760375,0.0,3.82322030985,0.0797934982132,0.0,-0.720341574032,3.58816778945,-4.35163940642,-28.8386968574,0.269478638608,0.0,898.552954024,899.773355428,900.267970647,0.124031693349,38,42.0
0.8400000000000004,-0.215629191063,2.94481501975,0.0,3.84193806246,0.101538397891,0.0,-1.01981464484,3.63225516696,-4.44269813357,-28.8384580549,0.244914284353,0.0,898.827243905,899.250088297,900.008389018,0.0290188852736,39,42.0
0.9000000000000005,-0.247691410778,3.07472686241,0.0,2.07069496582,0.115965794722,0.0,-1.10199115436,3.34113891842,-6.72407403902,-28.8320825283,0.360613213232,0.0,897.553408476,899.934324195,899.891626861,0.530187736945,40,45.0
0.8400000000000004,-0.220359655361,2.94223745925,0.0,3.85046934683,0.0826990140444,0.0,-0.940318550665,3.63637631095,-4.47075891644,-28.8462292877,0.170044131399,0.0,899.761126294,899.55960302,900.353961309,0.21907132772,41,42.0
0.8400000000000004,-0.0936127620836,2.92096200504,0.0,3.84751558053,0.0529197411089,0.0,-0.445403321246,3.60677282095,-4.43436579784,-28.8349154628,0.222578311877,0.0,898.854296803,900.227081288,900.037794122,-0.455619040751,42,42.0
0.8400000000000004,-0.310936638668,2.92247036128,0.0,3.84120951704,0.152345213782,0.0,-1.49760906971,3.60219026635,-4.42046510632,-28.8289318115,0.365759042792,0.0,899.074585155,899.677885324,899.855705295,-0.163445786942,43,42.0
0.8400000000000004,-0.0754625940593,2.89414393851,0.0,3.79793499422,0.0016999738252,0.0,-0.219761233885,3.51298987032,-4.27199869213,-28.8308774211,-0.0392089149639,0.0,899.6812434,899.231616289,899.814336736,0.467543736293,44,42.0
0.8400000000000004,-0.113389512428,2.91739504343,0.0,3.8441917086,0.0732175684831,0.0,-0.569466745854,3.59914816311,-4.41771539727,-28.8235048568,0.290090780112,0.0,898.928236359,900.159166595,899.558497035,0.284361742705,45,42.0
0.8400000000000004,0.00139964466275,2.94812758305,0.0,3.84888616216,6.26140014113,0.0,0.0892171532378,3.64393722286,-4.45349306461,-28.8356208531,-0.10872208632,0.0,900.662553377,899.722829632,899.958752256,-0.00954804499508,46,42.0
0.8400000000000004,-0.0205518030888,2.91826667885,0.0,3.82290225625,0.0298718826715,0.0,-0.15001639614,3.57491217235,-4.36694091835,-28.8505784427,0.173272955856,0.0,898.92728167,900.01726399,900.559904953,-0.210291290424,47,42.0
0.8400000000000004,-0.118001632304,2.94979935373,0.0,3.87115493916,0.0445665235652,0.0,-0.478707238164,3.66972481039,-4.53294440337,-28.8347345083,0.160315392249,0.0,899.105216778,899.835770137,899.920794668,0.548443567509,48,42.0
0.8400000000000004,-0.103032109402,2.94247562885,0.0,3.86084304633,0.0284430333431,0.0,-0.394802891577,3.64965647542,-4.50675904562,-28.8483441652,0.0755003526209,0.0,899.390912046,899.697700382,900.332419219,0.497812860248,49,42.0
0.8400000000000004,-0.203119856998,2.90768304529,0.0,3.81322695178,0.114288789259,0.0,-1.01211881896,3.55209760951,-4.32480239707,-28.8373757117,0.33618728183,0.0,899.045697434,900.030490609,900.037328075,0.0228447470201,50,42.0
0.8400000000000004,-0.124744135476,2.92992928337,0.0,3.84926924086,0.0706333390704,0.0,-0.619491048611,3.62130660074,-4.45266394256,-28.8384259676,0.226205062627,0.0,899.401797667,900.092658462,900.006288224,0.231387583522,51,42.0
0.8400000000000004,-0.021736486448,2.93723923639,0.0,3.85015043923,0.0227826038517,0.0,-0.117450134223,3.63146676979,-4.46355037365,-28.8439316651,0.144764868805,0.0,899.779302415,900.379095332,900.227723292,0.953695299389,52,42.0
0.8400000000000004,-0.314666929959,2.9383680854,0.0,3.87478271858,0.171441934508,0.0,-1.58893324937,3.66206061384,-4.5315792491,-28.8297153971,0.423217599479,0.0,900.017576293,900.598731959,899.928989919,0.128041559125,53,42.0
0.8400000000000004,-0.110664718442,2.90159373503,0.0,3.81042875937,0.0563451861711,0.0,-0.522675070467,3.53513935618,-4.29820856178,-28.832393273,0.189966239172,0.0,899.705542685,900.911265343,900.149558889,0.635607606899,54,42.0
0.8400000000000004,-0.24126170888,2.93230591083,0.0,3.85359428664,0.106093064358,0.0,-1.1212662958,3.62505775685,-4.45940962053,-28.8215285694,0.229792469222,0.0,899.501292389,899.983942318,899.579886213,-0.0813135826839,55,42.0
0.8400000000000004,0.104121919254,2.96312348034,0.0,3.84307398395,6.24617337726,0.0,0.433420981211,3.6543567736,-4.41230231277,-28.8176705633,-0.0729247146432,0.0,900.245066073,900.108929631,899.51426503,-0.16927350375,56,42.0
0.8400000000000004,-0.0271545312501,2.95909183375,0.0,3.86676443503,6.26056908571,0.0,0.0187082835842,3.68015099699,-4.5113648493,-28.8318101333,-0.0947135666282,0.0,900.005821373,900.142559359,899.800131453,0.453722035562,57,42.0
0.8400000000000004,-0.160105666284,2.90608912929,0.0,3.81264955993,0.0942428607403,0.0,-0.824041388773,3.54672591797,-4.30009182037,-28.8221523665,0.262031881319,0.0,899.599077984,900.122867363,899.659000724,0.0990420672326,58,42.0
0.8400000000000004,-0.0725755434349,2.92114146958,0.0,3.80351294352,0.00446137134689,0.0,-0.222334990866,3.55685341506,-4.28621708833,-28.8457829795,-0.0131382219788,0.0,899.911799807,900.064733409,900.371290768,-0.168611613018,59,42.0
0.8400000000000004,0.0111551479822,2.88201138249,0.0,3.79233888866,0.0094871676493,0.0,-0.013402800192,3.49455845878,-4.27465913696,-28.8542995444,0.0555242020625,0.0,899.359562324,899.781549516,900.650591129,0.134033603064,60,42.0
0.8400000000000004,-0.116715350829,2.91388825686,0.0,3.81850367456,0.0535877902528,0.0,-0.546967195353,3.56572336907,-4.34362986842,-28.8343337134,0.121172193539,0.0,899.735394176,899.602460517,899.906831121,0.191875137513,61,42.0
0.8400000000000004,-0.0626344559032,2.95202985103,0.0,3.87515593489,0.0279822119899,0.0,-0.259414430421,3.67866462114,-4.54993285605,-28.8363563066,0.126227441412,0.0,899.331453645,900.196966306,899.929287858,0.175098627751,62,42.0
0.8400000000000004,-0.0389063435584,2.92813428135,0.0,3.84454256183,6.27615657493,0.0,-0.0870445454721,3.61105657719,-4.40542459179,-28.8247854895,-0.0601335280916,0.0,900.296607013,899.991670215,899.82465092,-0.62555425051,63,42.0
0.8400000000000004,-0.132524276418,2.92112945962,0.0,3.82819926297,0.0823679915971,0.0,-0.68263436498,3.58515686275,-4.36756258022,-28.8233970074,0.242496245128,0.0,899.79322938,900.026944087,899.603703061,0.775427048631,64,42.0
0.8400000000000004,-0.0802949578618,2.92883546193,0.0,3.8456989138,0.0479358457951,0.0,-0.413228913441,3.61383315076,-4.43302046199,-28.8337842133,0.14283175496,0.0,899.501287593,899.848288729,900.068412305,0.227619961502,65,42.0
0.8400000000000004,-0.246854491843,2.94070358025,0.0,3.84577751468,0.119770302577,0.0,-1.19050914046,3.63050963999,-4.42763328731,-28.8254618701,0.26941377408,0.0,899.689802161,900.205718025,899.6260192,0.268828352977,66,42.0
0.8400000000000004,-0.0159720793381,2.93436662228,0.0,3.81754869975,0.0157537076587,0.0,-0.103004697529,3.58869055307,-4.33301297793,-28.8286799719,0.0636856119336,0.0,900.580591982,900.423595246,899.747163367,0.486525321665,67,42.0
0.8400000000000004,-0.0111869766262,2.92205209531,0.0,3.80850205807,0.0182197085959,0.0,-0.0909821628133,3.56347321952,-4.30347075551,-28.8330384666,0.103572049034,0.0,899.295912188,899.983304973,899.873328627,0.771147695324,68,42.0
0.8400000000000004,-0.0592014539276,2.939734637,0.0,3.84138053305,0.0103566938762,0.0,-0.197121251922,3.62283351738,-4.42284557967,-28.8289988268,0.00638077709867,0.0,900.16106047,899.846614152,899.848156945,0.357046503579,69,42.0
0.8400000000000004,-0.145602452953,2.93495386344,0.0,3.8608914216,0.0652575968488,0.0,-0.657605785137,3.64027747706,-4.49628755357,-28.8338685656,0.172811002669,0.0,899.550321131,900.07178378,899.987045042,0.481501369747,70,42.0
0.8400000000000004,0.0774273672584,2.91033499454,0.0,3.83142506499,6.23124434413,0.0,0.43650517105,3.57552558841,-4.3688438794,-28.8296747813,-0.142917405349,0.0,900.85711386,899.976974973,899.749168119,-0.206077774678,71,42.0
0.8400000000000004,-0.185812210689,2.93867856149,0.0,3.84040255885,0.093199721766,0.0,-0.903143242876,3.62210188623,-4.41174544458,-28.8270443267,0.193344185502,0.0,900.036058143,899.631034315,899.794347201,-0.304455611921,72,42.0
0.8400000000000004,-0.0692044536416,2.94806919586,0.0,3.8811969332,0.0317357455665,0.0,-0.313442373459,3.68126783661,-4.55921577207,-28.8385920524,0.064851239171,0.0,899.797202839,899.37305673,900.029546368,0.868756432298,73,42.0
0.8400000000000004,-0.100634640824,2.92938391327,0.0,3.83342000579,0.0464202488708,0.0,-0.466378999563,3.60152789287,-4.38580423083,-28.8381731317,0.101077614206,0.0,899.720459767,899.563952001,900.208756579,0.432289638544,74,42.0
0.8400000000000004,-0.0331952822306,2.90721248038,0.0,3.80492042253,0.0290714015226,0.0,-0.205532205236,3.53890721193,-4.2931616054,-28.8340624636,0.102140174724,0.0,899.752465585,900.289000867,899.989516981,0.311627771954,75,42.0
0.8400000000000004,-0.0905291044758,2.90609408701,0.0,3.81508245208,0.0658868019425,0.0,-0.504781181924,3.55241252525,-4.33923023625,-28.847802398,0.228031375384,0.0,899.28352406,900.322387261,900.4646987,0.521623811544,76,42.0
0.8400000000000004,-0.199814790015,2.93644295766,0.0,3.84405706784,0.0585718443882,0.0,-0.809124322186,3.62062790297,-4.42618982283,-28.8360259924,0.0649741564992,0.0,900.437797208,900.122210509,900.087126961,0.272000528205,77,42.0
0.8400000000000004,-0.159351723368,2.91373990095,0.0,3.79862138399,0.099209220114,0.0,-0.844818220746,3.54368618798,-4.27713587183,-28.8506593553,0.282565723247,0.0,899.521622353,900.615082926,900.553545584,0.535841163403,78,42.0
0.8400000000000004,-0.149140219455,2.91865649739,0.0,3.8132848805,0.0869602591271,0.0,-0.758794483962,3.56580128932,-4.29955575075,-28.8208925619,0.244920334723,0.0,899.686192261,900.427950975,899.617304377,0.211047174814,79,42.0
0.8400000000000004,-0.0335334304453,2.93726302021,0.0,3.85449483565,0.0255033320324,0.0,-0.172360016859,3.6364990081,-4.47108452797,-28.8531305877,0.127522528465,0.0,899.720816172,900.709995874,900.654869315,0.824218889451,80,42.0
0.8400000000000004,-0.0368297815537,2.95494543926,0.0,3.87825733382,0.0199889029902,0.0,-0.167986458097,3.68685501288,-4.54445122793,-28.839239866,0.0907619580277,0.0,899.634497189,900.091550097,900.050028173,0.597765995683,81,42.0
0.8400000000000004,-0.0577106281412,2.90844567634,0.0,3.82174502862,0.0432276228273,0.0,-0.306237009634,3.56234229674,-4.34972772341,-28.8255831885,0.176504271678,0.0,899.595628485,900.358596164,899.507467814,0.447420172049,82,42.0
0.8400000000000004,-0.0583118886381,2.92996571509,0.0,3.82560295813,0.00784824096214,0.0,-0.214969325056,3.59436919758,-4.38346036939,-28.8382584162,-0.0672952392753,0.0,900.196673313,899.00408256,900.090277254,0.110527965089,83,42.0
0.8400000000000004,-0.0912660552517,2.94479089905,0.0,3.88746861871,0.0599301139988,0.0,-0.512008306451,3.68163881657,-4.60050770194,-28.8481970198,0.136699401788,0.0,899.611293576,899.396695091,900.48645483,0.486177570671,84,42.0
0.9000000000000005,0.136986940251,3.08022827525,0.0,2.06835170917,6.21017773919,0.0,0.652259061999,3.35171441003,-6.73104877483,-28.8314396564,-0.199211096055,0.0,900.087441419,899.905077269,899.888756517,0.0900903992099,85,45.0
0.8400000000000004,0.036893531288,2.93246132972,0.0,3.86834342282,6.25194738802,0.0,0.235139004132,3.64644633711,-4.48867436157,-28.8237086211,-0.0818540830165,0.0,900.118952117,900.102075209,899.658372509,0.082692952863,86,42.0
0.8400000000000004,0.154600042221,2.94411593216,0.0,3.84124032191,6.16456648425,0.0,0.908350116955,3.63317921632,-4.44220678769,-28.8408944717,-0.354148282887,0.0,900.681590294,899.323000403,900.01568603,-0.36576181228,87,42.0
0.8400000000000004,-0.0570014888827,2.90844273532,0.0,3.81117832728,0.0292999890435,0.0,-0.260958375417,3.54784666204,-4.31816011557,-28.8325148543,0.105170080614,0.0,900.31597529,900.76316722,899.866538195,0.887441199249,88,42.0
0.8400000000000004,0.0979823471674,2.90366839033,0.0,3.81544419136,6.23934114774,0.0,0.472571279649,3.55015036404,-4.31475305216,-28.8284660502,-0.060934446203,0.0,899.773808374,900.04007253,899.676604022,-0.1624901413,89,42.0
0.8400000000000004,0.0461201442484,2.91456844933,0.0,3.80369514231,6.27692056278,0.0,0.17517336857,3.54887554174,-4.29563548226,-28.8287231414,0.0421599880127,0.0,899.615864305,900.030415991,899.564052287,-0.095734292323,90,42.0
0.8400000000000004,0.0255088658784,2.91255024405,0.0,3.82479420076,6.25368692981,0.0,0.206506556015,3.57043667516,-4.34940583749,-28.8263772935,-0.071947595424,0.0,900.164015229,900.180802626,899.596553125,0.129496998646,91,42.0
0.8400000000000004,-0.024251083778,2.8908999661,0.0,3.79759428611,0.00764548535401,0.0,-0.103561980891,3.51139717395,-4.26970055596,-28.8404267399,0.00414180184929,0.0,900.013517253,899.8835911,900.04743818,0.0473131063306,92,42.0
0.8400000000000004,-0.118520959468,2.8893696467,0.0,3.80147897635,0.0643030837215,0.0,-0.588855275014,3.51375634197,-4.26767137152,-28.8356127094,0.162012603612,0.0,899.589937779,899.966302079,900.055390516,0.210717043185,93,42.0
0.8400000000000004,-0.064736400767,2.93602380055,0.0,3.82949380186,0.0220971436332,0.0,-0.287716061244,3.60721440595,-4.39864348648,-28.8496443331,0.00255037604844,0.0,900.181754542,899.798560975,900.287191019,0.793152188596,94,42.0
0.8400000000000004,-0.088654817422,2.94182992647,0.0,3.83917848805,0.0528645401701,0.0,-0.483852405623,3.62690702785,-4.4413715821,-28.8663694812,0.119760210235,0.0,899.834043958,899.834127364,901.053111457,0.315313951607,95,42.0
0.8400000000000004,-0.10890629035,2.91015436266,0.0,3.81491280837,0.0388288701525,0.0,-0.469907470267,3.55313215552,-4.32335043041,-28.8436036502,0.0511764683184,0.0,899.975227673,899.970649761,900.321037365,0.569896295095,96,42.0
0.8400000000000004,0.0397752338071,2.92180644265,0.0,3.8018887305,6.24930444459,0.0,0.25426741844,3.55866432712,-4.27444326588,-28.8413439562,-0.0979867172987,0.0,899.988659001,899.682907134,900.161067354,-0.0535868320398,97,42.0
0.8400000000000004,0.0317849377722,2.91846143364,0.0,3.81724889065,6.25428961255,0.0,0.194329814275,3.56802586317,-4.3071981708,-28.8165220599,-0.0910374308472,0.0,899.885797551,899.651609006,899.423423795,-0.189325195983,98,42.0
0.8400000000000004,-0.0891013713791,2.91838114642,0.0,3.82472033126,0.0584852118425,0.0,-0.467117133007,3.57673500962,-4.35773622006,-28.8215373094,0.204912594422,0.0,899.421585243,900.186991469,899.525025035,0.73645324382,99,42.0
0.8400000000000004,-0.0290518560133,2.93563043273,0.0,3.84887401024,6.25560362814,0.0,0.0360217550037,3.62978575058,-4.45432684896,-28.8507506734,-0.137825137098,0.0,900.068099533,899.404005886,900.439528741,0.193560697448,100,42.0
0.8400000000000004,0.0214691159732,2.95817476359,0.0,3.8390208469,6.26287825751,0.0,0.142976127511,3.64810791231,-4.42085466503,-28.8484449677,-0.08932214508,0.0,900.072222416,899.019209527,900.52002479,0.612794688927,101,42.0
0.8400000000000004,0.0691132885085,2.91088631923,0.0,3.81656335588,6.23618651973,0.0,0.395035361438,3.55875860368,-4.30789678144,-28.8319076791,-0.127813555878,0.0,900.026137455,899.431201206,899.97063618,-0.246816025684,102,42.0
0.9000000000000005,0.086586766317,3.07760528564,0.0,2.04177166329,6.25143834828,0.0,0.350053986502,3.36729056736,-6.68274465805,-28.8357727504,-0.0983241798607,0.0,901.016688004,900.237927044,900.012447339,-0.242967868517,103,45.0
0.8400000000000004,0.0460672107811,2.92681053643,0.0,3.85133332113,6.2523654757,0.0,0.25481929612,3.61821535006,-4.43654209057,-28.8295633251,-0.0783260861023,0.0,900.362827593,900.109400595,899.938199731,-0.162102576968,104,42.0
0.8400000000000004,0.0725174203966,2.92995537159,0.0,3.83731501728,6.2294108655,0.0,0.418766528788,3.60942898987,-4.40745333163,-28.8453975225,-0.163963142439,0.0,900.19776371,899.742228663,900.306846568,-0.0316508847663,105,42.0
0.8400000000000004,0.0571942761859,2.91667363647,0.0,3.83919763939,6.23562325031,0.0,0.338931422074,3.59404771584,-4.43110208999,-28.8599874388,-0.160653611474,0.0,900.091761349,899.756434352,900.783147707,-0.170206932047,106,42.0
0.8400000000000004,-0.140704466539,2.89358791622,0.0,3.81551911344,0.0613096528905,0.0,-0.633505456811,3.53322942215,-4.31483710702,-28.8308887587,0.145537609114,0.0,899.858547969,900.137241526,899.942808608,1.38198862877,107,42.0
0.8400000000000004,0.0704176128605,2.90341498033,0.0,3.80980235726,6.2406841893,0.0,0.371021135997,3.54148365998,-4.27996723192,-28.8215811639,-0.119209382865,0.0,900.099223612,899.470694165,899.635562069,-0.0666984826544,108,42.0
0.8400000000000004,0.0535102995653,2.91692970026,0.0,3.83657407749,6.27885266375,0.0,0.188588724848,3.58852372041,-4.40204316375,-28.836610328,0.0596235115952,0.0,899.927378238,900.653947985,900.086005197,-0.283073456312,109,42.0
0.8400000000000004,-0.0337033103081,2.9392501724,0.0,3.87102807272,0.0207890702454,0.0,-0.173856562949,3.65602453249,-4.49484870623,-28.8172190664,0.0366859142617,0.0,899.968970893,899.164406831,899.469580144,1.96155256022,110,42.0
0.8400000000000004,-0.119738866465,2.96323160936,0.0,3.87311591259,0.0976414979247,0.0,-0.722546987728,3.69271387217,-4.53693998638,-28.8326289886,0.300511659021,0.0,899.42755253,900.321006814,899.916247769,3.14771188407,111,42.0
0.8400000000000004,-0.0650127583627,2.96296116513,0.0,3.85759079511,6.28011464179,0.0,-0.176553595696,3.67051486668,-4.46228653406,-28.8115680315,-0.0791284457715,0.0,899.734555202,899.327126638,899.287321172,4.13104609898,112,42.0
0.9000000000000005,0.0400949565121,3.10496949648,0.0,2.06738250921,6.21829133391,0.0,0.367292392448,3.38338957029,-6.73672453647,-28.8363344881,-0.209784909721,0.0,900.129902333,900.249134814,900.22492689,0.969014102331,113,45.0
0.8400000000000004,-0.132185252515,2.94362430582,0.0,3.85400017051,0.0733150840827,0.0,-0.705685634598,3.64301012874,-4.45051716826,-28.8327843795,0.131658816023,0.0,899.83850519,900.022548608,900.094437516,10.3579114265,114,42.0
0.8400000000000004,-0.206849251076,2.9059510388,0.0,3.81330587995,0.102359528836,0.0,-1.00689942798,3.54990584125,-4.30427571037,-28.8330866187,0.229965793816,0.0,899.651000704,900.134209868,900.163034704,16.6566266241,115,42.0
0.8400000000000004,0.0511922856489,2.94197966975,0.0,3.84364655626,6.25835078705,0.0,0.223083134133,3.630409234,-4.40889090215,-28.8305590913,-0.091307978022,0.0,900.878862019,900.217243819,899.873535477,4.47958342101,116,42.0
0.8400000000000004,-0.214819860015,2.92571373523,0.0,4.10457307542,0.12139065348,0.0,-1.11927084536,3.61923597137,-4.10460265603,-27.3577876528,0.280184784179,0.0,899.347981707,899.542751697,900.462853073,346.134757977,117,42.0
1.2600000000000007,0.230384489866,-6.65383913657,0.0,2.78849435091,6.16965279899,0.0,1.42793940173,-15.2334052354,-11.6064809996,-4.75937046496,-0.164599613183,0.0,900.00671621,900.45932227,900.293943658,900.288452498,118,63.0
5.0399999999999805,27.9205269351,-44.6528601207,115.787349952,5.75951702333,5.50720688614,0.0,13.7828296802,-21.9148598097,17.3084162539,0.215983598356,-0.349352317699,0.0,899.424826762,899.728340117,899.887876454,899.813672382,119,252.0
4.859999999999984,45.2631461551,99.9069235535,300.0,1.87038251195,4.83628605877,0.0,32.514365213,2571.75833882,8842.89870735,0.384118807739,-0.530220351919,0.0,900.292681472,900.258656855,899.960088783,899.90339846,120,243.0
5.0399999999999805,33.1777158418,-7.95557201467,141.733462201,5.7702741216,4.69700242323,0.0,24.5110204031,-17.0126098093,47.5886625728,-0.230930307476,-0.535124470368,0.0,899.585189905,899.406798589,899.980431258,899.807533171,121,252.0
5.0399999999999805,27.3626402151,-7.33529568364,137.465191089,5.82511463298,4.85257866831,0.0,19.1799953691,-11.1654176462,40.6351038825,-0.270081664529,-0.544617310986,0.0,900.118581753,899.792095258,900.309386007,900.286380178,122,252.0
5.0399999999999805,14.916173156,-7.87302983611,129.503598788,5.26662614664,5.53632772905,0.0,12.3480688611,-14.7523812763,25.0923268947,-0.489967955559,-0.241029066205,0.0,899.883766359,900.124969674,899.976021226,899.656047762,123,252.0
5.0399999999999805,-7.6197979098,16.2590194346,129.749697426,5.66788932514,0.00359380252542,0.0,-5.26450864241,-3.70389682961,29.7015959778,-0.339451148092,-0.287308378556,0.0,899.838578958,899.816928757,900.109105432,900.451548708,124,252.0
5.0399999999999805,-3.65577669911,10.5563831981,130.233105303,5.84123880035,5.94539691577,0.0,0.585825978018,-0.899561601237,30.4236961996,-0.409214636956,-0.163118226646,0.0,900.258020773,900.645488157,900.097772505,900.553075948,125,252.0
5.0399999999999805,27.3919007325,-18.8893644625,141.090058775,5.80452643308,4.86642674817,0.0,17.801620596,-19.8467817053,46.3643321828,-0.0714754598995,-0.362962141136,0.0,899.867927769,899.893050129,899.916739595,900.129804716,126,252.0
5.0399999999999805,20.4113357484,0.863166101989,128.283759371,0.145244746432,5.77211979711,0.0,11.6365298722,1.42703370383,26.3623378244,0.0251949209786,0.0835689756401,0.0,900.004953853,900.602671673,899.417479639,899.728426606,127,252.0
5.0399999999999805,-3.76955191613,24.2934260631,133.529587965,1.09823355509,0.226974556034,0.0,-4.45090179189,14.056894802,33.0358963613,0.264322724906,-0.0992603270154,0.0,900.422296098,899.653310434,900.757470936,900.65936496,128,252.0
5.0399999999999805,-4.17673299419,25.5748764105,135.691584594,0.736706518818,6.15880395479,0.0,-0.988873558764,11.6321539216,29.5657829064,-0.146603098651,-0.116993457397,0.0,900.816944236,900.063777165,900.353543026,899.702497149,129,252.0
5.0399999999999805,15.5477403989,7.20428835918,128.66176013,0.215706377309,0.0708320695198,0.0,4.221235148,4.15462349037,28.2785332655,-0.123439147884,-0.00821953938629,0.0,899.907719346,899.775674143,900.610647903,899.365925871,130,252.0
5.0399999999999805,-58.2195772443,-0.240766237175,110.738536894,5.6731000653,1.44063351559,0.0,-29.6493421749,-2.26746554812,9.64946220217,-0.0369038384843,0.0688479570274,0.0,900.179266554,899.765395719,899.135597638,899.777620021,131,252.0
5.0399999999999805,-25.8325410777,5.47010494156,127.625439695,6.2497249048,6.10807538824,0.0,-11.308189483,1.4700372315,29.3595641019,-0.064246462994,-0.258681752802,0.0,899.960179405,899.516150292,900.056361745,899.814975349,132,252.0
5.0399999999999805,-39.1094828605,6.7460878055,124.11103646,0.732408289804,1.01928927782,0.0,-22.810198617,3.57474510285,21.9096507987,0.267282542203,0.11684754404,0.0,900.197379881,899.605698267,899.847292919,900.586476849,133,252.0
5.0399999999999805,-24.4878646149,-24.9947471582,123.533045773,5.9630047496,0.960912033842,0.0,-17.7204595869,-11.1258300683,21.5213022097,0.0373183032319,0.478136901058,0.0,898.911554921,900.054510662,899.828602309,899.877761538,134,252.0
5.0399999999999805,-57.7645630829,13.5985246819,102.840187614,5.6511976664,2.31597536619,0.0,-34.2759837025,6.71569881219,-2.85473923376,-0.239902316464,0.598422460217,0.0,900.206518954,900.217873172,899.89032911,900.519464102,135,252.0
5.0399999999999805,20.9675616889,12.9257084588,133.844556829,0.0984941883402,5.30554468159,0.0,12.0335454155,6.58652617523,33.0026607049,-0.0954398453216,-0.102258351444,0.0,900.144610473,899.639336279,899.897217356,899.936462592,136,252.0
5.0399999999999805,-0.71978619882,-12.1113793719,136.12947758,6.21772258288,5.56697285572,0.0,1.52088317689,-7.11248425979,34.4285864099,0.196727967766,-0.300833758451,0.0,900.64791963,899.730560148,900.656212305,900.233096611,137,252.0
5.0399999999999805,-40.5930679386,11.9785865998,118.845962635,0.244635123133,1.64359400389,0.0,-29.2987895294,4.15100086481,12.4231559989,0.0187325221273,0.634165514459,0.0,899.502260916,900.203208624,900.198959058,899.163703521,138,252.0
5.0399999999999805,6.33810275778,20.7639175125,162.959021609,1.75652396902,0.431101964294,0.0,-6.58368630226,32.4230397392,104.502903283,0.605159973726,0.331038119346,0.0,900.108695916,900.46281844,900.112398329,899.53250288,139,252.0
5.0399999999999805,10.6808446985,-29.9631766767,126.582065317,5.26895538113,5.25403687592,0.0,9.82721193748,-23.3710729568,24.5554323619,-0.217730742986,-0.787098978936,0.0,900.247935693,899.654792957,899.499516041,899.789099679,140,252.0
5.0399999999999805,-59.5223493998,2.65649538035,105.452597553,5.63440600597,2.3678709161,0.0,-34.750807806,4.53179905346,-1.60451131238,-0.14572281157,0.848889741649,0.0,900.281459433,900.41317562,900.268352084,899.998007522,141,252.0
5.0399999999999805,16.9370953388,12.9565370645,140.051077762,0.925966270385,5.90745245091,0.0,9.04328741257,5.18282463134,37.6203661451,0.185463550793,-0.106283219625,0.0,899.28392423,899.595913134,899.850797118,900.032261119,142,252.0
5.0399999999999805,-2.20824579445,-28.2639195464,127.812434562,5.84159298992,5.77404290431,0.0,1.23232703167,-18.1920789113,26.5650789963,0.319106772093,0.0318531175877,0.0,899.517425943,900.795688415,900.061524346,900.181398463,143,252.0
5.0399999999999805,17.5268486221,3.14781596612,130.939001252,5.86265016219,5.60271431626,0.0,11.7540935704,-3.20058936076,28.0614162321,-0.176874139615,-0.00384460652593,0.0,899.143932977,899.978642388,899.793498425,900.055020155,144,252.0
5.0399999999999805,5.99022884163,-43.2268504804,120.965707046,5.75856113915,0.196712163264,0.0,1.32370561898,-19.5137355888,22.4664347224,-0.0924828847834,0.169367075386,0.0,899.923377252,899.325529382,900.006452785,900.57743658,145,252.0
5.0399999999999805,-8.37908005229,-28.4046434443,124.880838728,5.76126086738,0.242889639584,0.0,-5.74774896285,-16.4601389986,23.0260652223,0.114589310959,-0.0176978661972,0.0,900.634250717,899.921051088,899.678055674,900.33781204,146,252.0
5.0399999999999805,34.9829866329,-21.0914836834,136.483895487,5.47740870263,4.51083934238,0.0,29.9069988113,-25.5686063577,39.7115885349,-0.281987901226,-0.851084209698,0.0,899.731678389,899.106730124,899.672337619,899.65609808,147,252.0
5.0399999999999805,-31.2843934421,-14.8538302134,123.552778638,6.07222027366,0.502958737601,0.0,-15.9284612695,-6.34682085022,23.206498068,-0.114302154268,0.157941157468,0.0,899.431934361,899.901369563,900.519638231,899.754427389,148,252.0
5.0399999999999805,27.3520546135,-24.0479621889,125.331960736,5.71391024277,5.95783878419,0.0,13.0073979185,-13.2076761863,22.3634548158,-0.0247764784546,0.0408451340748,0.0,900.119458398,899.825463052,899.531261498,900.186817799,149,252.0
5.0399999999999805,15.7807711585,-57.3532021323,108.81717693,4.41669288036,0.00385746498777,0.0,6.95077273859,-32.0353741801,5.0967934235,-0.537548202801,0.158157812757,0.0,899.569759767,899.180237238,900.116942051,899.834353735,150,252.0
5.0399999999999805,2.89133228049,17.8208074328,149.371517677,0.199339468687,4.83779102731,0.0,9.04058699671,17.2268357104,67.0982318799,-0.130814783319,-0.733868796982,0.0,900.367932671,900.150661685,900.355388987,899.97931606,151,252.0
5.0399999999999805,9.28007139063,-13.3462100886,128.588341927,5.40455967562,0.0717256149248,0.0,3.46810355129,-14.1012579191,26.2348069824,-0.445426760842,0.186264489896,0.0,900.426792713,900.252328556,900.043933777,899.798861571,152,252.0
5.0399999999999805,9.69204026765,-1.36043965983,130.186703763,0.0816050762441,6.00251725994,0.0,6.90785303792,-0.13752947665,27.6237090021,0.0538956928746,0.00433481519929,0.0,900.399049697,899.82140006,900.133384047,899.578022154,153,252.0
5.0399999999999805,0.616469242456,-3.84752406585,130.288558572,5.86368494447,0.625131313382,0.0,-7.79085719296,-5.28285850479,28.4266403202,-0.108576603331,0.276124529477,0.0,900.627659023,899.750953981,899.890393064,900.286097961,154,252.0
5.0399999999999805,-68.4826796656,4.41979975374,100.532112894,0.525208406366,1.87279734678,0.0,-32.6913601679,0.0639275534273,1.65210296131,0.429023068274,0.242661935901,0.0,900.316349772,899.37265707,899.208078399,899.763222511,155,252.0
5.0399999999999805,24.1546263869,21.3729746236,138.120515544,1.3307728521,6.27853172497,0.0,9.50548654495,14.9502629213,41.5565135002,0.525085797315,0.277775587779,0.0,899.264946069,900.584939949,900.209315685,900.54611233,156,252.0
5.0399999999999805,12.7692241192,-14.4647020626,128.51904829,5.4106058969,5.54733758649,0.0,9.48800105376,-13.2328650668,26.7108467427,-0.59967867739,-0.357332067478,0.0,900.232299522,900.439377058,899.661018964,899.403910454,157,252.0
5.0399999999999805,-24.5672448297,-50.9925821247,112.092804887,4.96302393115,0.942366499058,0.0,-17.8187195553,-24.0240687912,10.7406810195,-0.235769069876,0.350003919859,0.0,899.644188861,900.375513829,900.019926478,899.276867098,158,252.0
5.0399999999999805,25.2064823213,22.9047128983,154.818568067,1.84955378162,5.18471560003,0.0,25.6252387049,24.3822802019,84.0036945704,0.801784298722,-0.443161884524,0.0,900.096204528,899.599613512,898.883559193,899.980643743,159,252.0
5.0399999999999805,-61.6355784088,9.82199978616,105.575199268,0.7315020788,2.36133565205,0.0,-34.9081639649,-3.98115179644,-0.839323124341,0.275563291676,0.813874049083,0.0,899.996136298,899.681783015,899.682653205,900.121862884,160,252.0
5.0399999999999805,18.2582515416,14.9986239596,159.809647129,1.59857829194,5.96358126528,0.0,13.7664983082,17.4667309649,89.3490132123,0.576074929761,-0.0246861026337,0.0,900.213118503,899.987804516,899.928218851,900.342143321,161,252.0
5.0399999999999805,5.75037683937,7.72862452506,129.913131953,0.594191069044,0.040594820157,0.0,1.0176804084,6.55996891832,28.90797059,0.369395109798,0.00727605898645,0.0,900.168502085,900.265118735,900.324480668,899.826975337,162,252.0
5.0399999999999805,-40.9076808281,23.7941220451,118.114962183,0.533222598792,1.01969278522,0.0,-22.1077729747,10.1020035681,17.319531724,0.0586946961755,0.155384408894,0.0,900.11640686,899.24936933,900.628265948,900.083013779,163,252.0
5.0399999999999805,-53.6897437462,15.7222757628,111.662086137,0.311354595599,1.70853364148,0.0,-30.8022565745,4.57516267128,8.48322940521,-0.0669934954082,0.485854114021,0.0,900.350441199,900.285875913,900.08829188,899.372183365,164,252.0
5.0399999999999805,7.87983746637,-23.0938670292,127.395157234,5.32495481292,5.84231588485,0.0,6.65331662526,-17.8628386416,23.6493708281,-0.404090484559,-0.111833723989,0.0,900.740275536,900.184981908,900.277022296,900.364076578,165,252.0
5.0399999999999805,35.4637930176,6.83144642901,135.01062003,1.14801502024,5.21194974024,0.0,22.1979879714,2.9515092708,35.4572356534,0.476342389474,-0.227683988224,0.0,899.947753098,900.2316902,898.986574606,899.395680305,166,252.0
5.0399999999999805,13.3330108722,45.8359823402,247.320963337,1.79999374559,6.12471248103,0.0,8.78606006945,165.970723924,707.368953899,0.259567124133,-0.0828186299426,0.0,899.355220208,899.663399635,900.700797548,899.8790954,167,252.0
5.0399999999999805,16.6960654879,121.405608825,300.0,2.02872271426,5.62553044819,0.0,19.3620612369,2212.83562438,4715.98635777,0.37987681896,-0.289249957112,0.0,900.030950942,900.386559169,900.01736184,899.338321107,168,252.0
5.0399999999999805,15.7047068723,-21.1127650708,131.27211302,6.07617774443,5.79613606659,0.0,8.51917476001,-9.83509313188,27.1166488443,-0.0294471268783,0.149375545416,0.0,900.344593486,899.385694246,899.853666694,899.787914936,169,252.0
5.0399999999999805,-20.334069464,-0.524467756269,127.491625176,6.04824259418,0.894624473785,0.0,-16.3185083565,-1.02113181474,24.7993693353,-0.0249721346099,0.406671174966,0.0,899.947162057,900.302428799,898.697172553,900.179088993,170,252.0
5.0399999999999805,-3.08232755639,-12.0632186137,129.151891683,6.16997582137,0.609624356156,0.0,-7.62239795017,-5.73782605223,27.7747270748,0.0543395717643,0.359562254309,0.0,899.833869709,899.402296716,899.659345744,900.390243176,171,252.0
5.0399999999999805,-1.8271796241,-57.2034052583,112.829875315,4.6482456987,5.60543483391,0.0,1.26743851695,-35.7556583565,9.3703780577,-0.369293266637,-0.366049996459,0.0,900.160350997,900.048951085,899.400397212,899.693925991,172,252.0
5.0399999999999805,27.9370517985,-41.4914650087,117.663242129,4.62935111206,4.96632114356,0.0,19.6703029559,-32.0117898329,10.9181123094,-0.437655201767,-0.551065567814,0.0,899.945931455,900.067780738,900.848463804,900.699153465,173,252.0
4.319999999999996,150.0,-15.9388682743,300.0,6.18409511084,4.08392535957,0.0,2661.12903333,-368.464322804,3966.0841988,-0.0916017534522,-0.677102011954,0.0,899.810658034,899.638241954,900.168715179,900.162173862,174,216.0
5.0399999999999805,42.6972990624,-78.0749828467,151.763382564,5.0974260447,4.54829448608,0.0,44.6072773018,-141.987734993,78.0769858297,-0.229715248798,-0.382026084194,0.0,900.257379779,900.290693616,900.127965135,900.812720977,175,252.0
5.0399999999999805,-36.9141483825,-5.03283984408,122.416857457,0.461422712728,1.31915854896,0.0,-25.576567665,-2.59131237077,18.6721435668,0.409273725208,0.406311132759,0.0,899.805255335,899.448280657,900.377072021,900.466540522,176,252.0
5.0399999999999805,-13.8817651923,17.6690439379,129.800037406,0.422308930894,0.711292286292,0.0,-12.1882844839,9.68818830573,25.2812542283,-0.0575386833429,0.286181095483,0.0,899.829115829,900.105188833,899.906449671,899.77242605,177,252.0
5.0399999999999805,-22.3272758264,-26.2780396157,123.380253159,5.27089171132,0.663382490404,0.0,-15.8747461632,-16.8937517039,19.3472917373,-0.27550736403,0.0802844032516,0.0,899.87212104,899.997282209,899.728280546,900.108927077,178,252.0
5.0399999999999805,-14.337521769,-2.37065327026,128.519137202,6.06811679119,0.0645262937613,0.0,-6.46094029004,-2.64617857845,27.8127593051,-0.070264909393,-0.000181615736227,0.0,899.831482295,899.811787427,900.245097849,900.888491893,179,252.0
5.0399999999999805,12.7722701469,-10.5269129937,128.099037584,5.96964144048,6.21884586883,0.0,5.60317964577,-6.53359068289,27.1597025195,-0.0872919354002,0.116403767992,0.0,900.345678481,900.139580766,899.550968665,899.827353132,180,252.0
5.0399999999999805,4.29792165775,-34.2283901193,123.622036907,5.43220989425,0.212090962306,0.0,-0.588838523611,-18.801320589,22.5812330572,-0.327174282594,0.169280930449,0.0,900.165872714,900.843647377,899.520522048,899.637966273,181,252.0
5.0399999999999805,27.9715720282,-20.0481797761,124.60038815,5.18901352156,5.71108652233,0.0,15.6991851865,-15.8911986462,20.7465028874,-0.490070703325,0.0673021814644,0.0,900.128424937,899.954257819,899.644711303,899.810927045,182,252.0
5.0399999999999805,-15.2576817145,16.6993721463,128.627257524,0.454420160491,6.03341072258,0.0,-5.57434060707,10.3131037589,28.4677593346,0.0498146673195,-0.103458383133,0.0,899.451441073,899.543102169,900.202165006,899.459335422,183,252.0
5.0399999999999805,9.34982080369,13.1982233583,140.414518885,0.213210250709,5.1074791366,0.0,7.73842885253,9.67765791809,45.544072033,0.119979620073,-0.401658723771,0.0,899.130071189,899.733094222,899.46751329,899.482371366,184,252.0
5.0399999999999805,29.1621225994,13.4426298771,152.685104924,1.53376197358,5.61165651268,0.0,21.468262049,11.4932301407,73.6992034158,0.371029229458,-0.133662114695,0.0,900.112807956,899.901239933,900.349121514,899.90123565,185,252.0
5.0399999999999805,-6.86595185338,13.2060684441,142.477156696,1.32706695421,0.639105578315,0.0,-14.2705630291,9.08499689441,48.8903978847,0.446756285871,0.0474699872081,0.0,900.037257611,899.03094287,900.41652857,900.168872606,186,252.0
5.0399999999999805,-39.4244365708,28.0321387307,188.524106568,1.85134348154,0.294880417789,0.0,-29.7931424123,54.5148981462,200.216953418,0.617693824665,-0.0814445900009,0.0,900.14677237,900.424770687,899.578526638,899.843850145,187,252.0
5.0399999999999805,6.03876679981,-5.41099926227,129.771412442,5.83670428707,0.444113125589,0.0,-3.02812270854,-6.03232015245,28.8058963295,-0.249267208658,0.368307196605,0.0,900.024074705,900.319525056,900.218718925,900.020178252,188,252.0
5.0399999999999805,-28.6154715623,-39.0838555609,116.861179184,4.84121023844,1.24865471906,0.0,-23.1083690709,-19.7456705048,12.3344279337,-0.439641128846,0.508322662186,0.0,899.30767538,900.389798266,900.105929115,900.171132258,189,252.0
5.0399999999999805,7.50739047135,-16.9185625604,137.54794141,5.52314411558,5.14584460682,0.0,9.23322943226,-20.0634916418,36.6622598161,-0.163153033924,-0.450379179975,0.0,900.214479542,899.5062888,899.799595401,900.519306062,190,252.0
5.0399999999999805,7.25627589272,-8.95002410854,128.721683014,6.08006893629,6.04266115843,0.0,4.18976281124,-5.38385249545,27.542835622,-0.0905961523129,-0.0750260275463,0.0,900.340930037,900.215205836,900.399486182,900.161095988,191,252.0
4.739999999999987,29.8042836071,150.0,300.0,2.15292741822,5.92297162412,0.0,6.58054007593,14125.6274343,22266.2255936,0.490710180323,0.053712234325,0.0,900.210024204,900.758325271,900.652324134,900.154075951,192,237.0
5.0399999999999805,-13.916851949,-4.84107417681,130.154506144,0.508949298226,0.474318279037,0.0,-11.3616788991,0.00197514876804,28.9545396572,0.270479134063,0.0165026591014,0.0,900.039961454,899.529034942,900.794677948,900.33143468,193,252.0
4.499999999999992,20.9406484379,60.6541479645,300.0,1.74337560854,6.13043460856,0.0,15.2837412621,569.551835605,3442.07046909,0.253219689219,0.343318646742,0.0,899.551735595,900.351383383,899.767490543,899.752944952,194,225.0
5.0399999999999805,-23.7370712088,3.42059742396,132.200302615,0.970011901322,0.949361526543,0.0,-18.6448170729,2.80508461076,31.9854771306,0.481227715006,0.392236420346,0.0,900.495378974,899.916337109,899.651495576,900.776456196,195,252.0
5.0399999999999805,4.88638812516,-16.7125622593,128.034571078,5.58520114346,6.10465675777,0.0,2.25734417556,-12.635186967,26.1193281408,-0.280339185451,-0.211741587281,0.0,900.002056977,899.636481267,900.070303766,899.556313534,196,252.0
5.0399999999999805,-54.0380571013,-0.276284955368,141.607414393,1.12667218596,1.24615893173,0.0,-28.281248368,-10.2164786533,48.1109596473,0.0303711498046,0.169141694529,0.0,899.977864485,900.038937738,899.893454393,899.66372296,197,252.0
5.0399999999999805,32.5770298061,-62.8616063974,102.08201554,4.08569825021,4.69964113865,0.0,26.1740246731,-41.4255896982,-6.57065938831,-0.531712142272,-0.446705340003,0.0,899.460241318,900.210230599,899.616311757,899.828608377,198,252.0
5.0399999999999805,-11.1425787988,1.00172956685,129.539585851,0.433848323299,0.538079225152,0.0,-9.59757438431,2.36263893053,28.1941664327,0.217461186093,0.244290000117,0.0,899.71781568,899.825217578,900.286544914,900.222723319,199,252.0
5.0399999999999805,-13.0408989165,-52.1299380501,112.614192277,4.53021500963,0.359556082804,0.0,-7.45280792184,-30.313606259,8.53323971175,-0.538422337937,0.23586723409,0.0,899.137854907,899.944804152,899.467094614,899.507358445,200,252.0
5.0399999999999805,-54.6250195925,2.88562199048,141.301569757,1.41456962766,1.99303115901,0.0,-32.6181966099,-10.6640184165,49.8557485662,0.288285013327,0.451465915096,0.0,900.097598746,900.289667715,899.117703863,899.451867871,201,252.0
5.0399999999999805,0.886380447012,-6.11535142871,133.783013043,0.500109125503,5.5835037081,0.0,4.66821521014,0.216353120188,35.0679739026,0.169438409028,-0.217882801042,0.0,900.115901564,900.727883979,900.483411209,899.835939174,202,252.0
5.0399999999999805,27.7368566114,-12.3042042466,137.683186303,5.89712658769,4.60821269152,0.0,25.2865433157,-13.1064318051,46.6082468341,-0.260923723465,-0.820020806462,0.0,900.442316657,900.021106855,900.741071569,899.817001945,203,252.0
5.0399999999999805,-21.3884448697,-8.37529889716,126.873481802,0.143986434482,0.619165297066,0.0,-14.9039068456,-3.28559968944,24.9520813769,0.216463975192,0.032875633739,0.0,900.015560999,899.773986397,899.957783378,900.131858634,204,252.0
5.0399999999999805,11.7370932679,-5.62797266879,139.164934009,0.182411002348,5.288292423,0.0,8.10194140416,-0.268736826081,39.0903873059,0.0576154619865,-0.137487678379,0.0,900.031091365,900.653714319,899.929778168,899.895486453,205,252.0
5.0399999999999805,-12.786647495,-52.6124660216,112.982644441,4.78855515189,0.778968643522,0.0,-13.0236828071,-27.8474501333,10.3682822571,-0.340991018516,0.223069895415,0.0,900.391360211,900.124058515,900.199130993,899.808956749,206,252.0
5.0399999999999805,-30.3951033884,19.5409329923,127.476092559,1.03488708471,0.261071539934,0.0,-16.4424522605,11.5873878233,27.5085440738,0.400285098014,-0.17886316406,0.0,900.012916971,899.312885551,899.451077298,900.039646966,207,252.0
5.0399999999999805,-30.3177318276,3.41881808401,124.215350159,5.48376816817,1.54547029864,0.0,-28.0125885308,-2.99790345752,16.5622448162,-0.22279028399,0.44889371597,0.0,900.555714343,899.920037585,899.616287207,900.653555861,208,252.0
5.0399999999999805,33.4579308707,-4.90298295296,127.98447318,4.92511483539,5.50369681709,0.0,20.8990664836,-13.4716589481,19.8912870601,-0.801421783819,-0.161732560582,0.0,900.475772517,900.564179045,899.999806089,899.524574675,209,252.0
5.0399999999999805,-20.5554591445,25.0949252379,155.649653701,1.65318500563,5.87910309414,0.0,-5.64960101793,27.3641697175,81.2770213058,0.546268151907,-0.64334016248,0.0,900.360150012,899.225065623,900.583732026,900.519963354,210,252.0
5.0399999999999805,-29.3899582474,6.84353601295,126.372552516,0.338279214514,0.818496744525,0.0,-17.9247563069,4.73917781464,23.105359569,-0.179611062857,0.248608369785,0.0,900.092355518,900.483259482,900.120176552,899.41917667,211,252.0
5.0399999999999805,12.0887560258,25.7762047812,144.312080247,1.18281353089,6.26244965679,0.0,6.72776174139,11.0086079681,45.2268375469,0.215817705736,0.199553489087,0.0,900.056388602,899.981934216,899.593904524,899.399063304,212,252.0
5.0399999999999805,-2.4606697224,-28.7969516229,125.605840373,4.97302193717,0.734612722138,0.0,-11.3223799532,-22.3360979651,20.0823214715,-0.618042074043,0.185532449461,0.0,899.832296253,899.746507638,900.33438688,900.299610239,213,252.0
5.0399999999999805,-0.770295075774,7.09768421882,129.859177965,0.131966460096,0.183368006976,0.0,-1.24233621309,5.31023213334,27.9276654816,-0.25094391324,0.173058414139,0.0,899.940696509,899.793524723,899.893600946,899.630627907,214,252.0
5.0399999999999805,0.0306486986111,-21.140229319,127.18736425,5.89715772275,0.246329129893,0.0,-1.68451575935,-12.7197074297,25.7875722926,0.105734551441,0.162752866859,0.0,900.17236214,899.904860319,899.273512718,899.664144142,215,252.0
4.799999999999986,123.06588601,-102.321798316,300.0,6.07215825125,4.40474432153,0.0,2669.07279298,-1913.72773287,8653.53179978,0.158610719668,-0.388315730991,0.0,900.168426842,900.413546461,899.600956181,900.763757534,216,240.0
5.0399999999999805,9.6710849715,-65.2967312673,128.744697207,5.27179805728,4.97861528335,0.0,5.01065206302,-57.154934854,39.8424073545,-0.266824124344,-0.445504261862,0.0,900.524338413,900.110729561,900.677972729,900.016007422,217,252.0
5.0399999999999805,-68.1426314096,26.2962504183,208.048582695,1.99082397706,1.38368639045,0.0,-37.7493426603,89.170145602,314.503927769,0.49692953474,0.294227566832,0.0,900.032224378,899.67669339,900.390053601,900.305916461,218,252.0
5.0399999999999805,-37.5681746988,1.63552797626,121.91986698,5.85439349284,1.44677223313,0.0,-27.0093140107,-1.1594683652,16.4228652386,-0.150546051729,0.457156509706,0.0,900.013252376,899.889124335,899.829639018,900.334205648,219,252.0
5.0399999999999805,6.57423854355,-67.7345167616,159.459461524,5.28336975698,4.60758437074,0.0,24.017927445,-116.387469343,100.970177512,-0.374403369865,-0.599132286628,0.0,900.431378345,900.643352351,900.574252087,900.148690692,220,252.0
5.0399999999999805,1.66841128424,9.02740268384,130.024038087,5.95300295355,5.89736010987,0.0,3.52281082543,0.914532727641,29.6331658444,-0.407820867298,-0.0925454233879,0.0,899.054581682,900.17954772,900.458742985,899.774701697,221,252.0
5.0399999999999805,-38.6483477907,-29.7434239201,117.240458833,5.44131954423,0.759317402442,0.0,-19.48436626,-14.3314996868,17.0572856432,-0.321199933922,0.220054435818,0.0,899.403398211,900.493120488,899.907941746,899.762970736,222,252.0
5.0399999999999805,-10.261075797,5.55086282177,130.124136034,0.613977281365,0.715383892442,0.0,-12.4504200893,4.34679579959,28.3598995519,0.305506420818,0.271654476183,0.0,899.551450237,899.075780921,899.433703841,899.696634057,223,252.0
5.0399999999999805,-19.8565217264,-10.1427476754,127.023677727,6.00571724167,0.901543316537,0.0,-16.6920193183,-5.29885002513,24.0018511858,-0.141634047786,0.284600715189,0.0,899.818372674,899.89063132,900.292450334,899.602772944,224,252.0
5.0399999999999805,-50.2445443525,-7.38277255672,114.058983693,6.15098064007,1.23592232252,0.0,-27.782401675,-2.5351628497,12.0863533232,0.0936335829918,-0.00491933668989,0.0,899.806921791,899.924249404,899.650649764,900.016980132,225,252.0
4.979999999999982,105.808174973,-95.2306422368,300.0,5.9749801978,4.44873358571,0.0,2659.02329416,-3150.20456124,10060.8324255,-0.0707837704504,-0.430509050633,0.0,900.318168087,900.404244391,898.982383049,899.654903597,226,249.0
4.559999999999991,150.0,-72.622211683,300.0,6.15773190521,4.18544836513,0.0,10803.268916,-2452.60590408,19406.912748,0.00612401058373,-0.60291285653,0.0,900.165014457,900.284415495,900.040538292,900.317018427,227,228.0
5.0399999999999805,-40.9027424251,-16.4662653533,116.922160743,4.90745009575,1.75020265067,0.0,-31.2938645625,-7.7834720879,9.71176815971,-0.374995578119,0.444901071216,0.0,899.711990855,899.679007667,900.601421432,900.091212415,228,252.0
5.0399999999999805,100.755433619,-150.0,113.996973601,4.36636774995,4.31655785555,0.0,397.371801451,-890.753303474,-244.7190667,-0.530023251617,-0.148132265652,0.0,899.452610775,900.642943467,899.499931102,899.550143322,229,252.0
5.0399999999999805,-28.5528166235,-35.6930805447,119.033139633,5.65469331924,0.713055754741,0.0,-16.3626176315,-16.1455193201,18.6786387564,-0.309987747565,0.0680457037693,0.0,900.404760595,899.962430619,900.245006285,899.076525009,230,252.0
5.0399999999999805,-17.2973183769,-5.49605046151,128.477445659,5.6544484546,6.23938977054,0.0,-7.453890584,-9.06254161156,27.559181922,-0.319376691154,-0.186658156894,0.0,899.73590404,900.405685637,900.644196663,900.617456267,231,252.0
5.0399999999999805,-13.9182743781,23.7336668388,127.979585186,1.11339152069,0.531664333968,0.0,-10.4896991612,14.1654552351,28.0827980699,0.566436149368,0.274727004273,0.0,899.79856347,900.386704385,899.32140415,900.273193259,232,252.0
5.0399999999999805,-57.2966516293,-28.1771199451,106.851515929,4.51118528212,1.26541756674,0.0,-28.0239672647,-13.7809173136,6.61022927927,-0.686652764141,0.186872570889,0.0,900.771107434,900.59662671,899.471420566,899.429457495,233,252.0
5.0399999999999805,36.8548453352,-84.3142019664,66.664467416,3.43071249985,5.191568584,0.0,18.7717195773,-29.0296788299,-21.9743007329,-0.613234805406,-0.0692920460399,0.0,899.773443985,900.442068521,900.521590557,900.009594502,234,252.0
5.0399999999999805,-59.6323944333,1.05567382057,104.298756654,6.14255178078,2.26141390321,0.0,-34.5230103557,1.40246847974,-2.12700312406,-0.00216990852031,0.717528259608,0.0,900.2120823,900.045253402,900.144492122,900.584872344,235,252.0
5.0399999999999805,31.2003678226,15.2714421468,134.916343426,6.24581506058,5.0071462061,0.0,17.261307258,6.53793139422,35.4714099602,-0.293137109761,-0.405367535518,0.0,900.630384958,899.986461686,900.439178756,899.480798931,236,252.0
5.0399999999999805,2.9685590624,-0.511709899639,129.870164699,0.280462638776,0.0995361137753,0.0,0.496988032467,1.51994060217,29.0710604799,-0.060462838141,0.128428735873,0.0,900.120310097,900.226450384,899.933894399,900.019051211,237,252.0
5.0399999999999805,16.2129355171,-42.9862114235,118.257296851,5.24794163357,6.19018531387,0.0,5.9995049394,-23.7849975213,16.886210786,-0.215487160116,0.00991683127375,0.0,900.220879397,900.522213896,900.093389423,899.862456377,238,252.0
5.0399999999999805,35.2742532162,13.8445420847,137.865052856,0.938598729583,4.82817018924,0.0,22.7952758519,11.2128059651,37.0208667918,0.345237879123,-0.495399825997,0.0,900.053493815,900.313396695,900.472411902,900.280949059,239,252.0
5.0399999999999805,6.01784878711,-12.3304618865,129.239009577,5.76643278027,5.81176202739,0.0,5.02642274357,-10.6602056534,27.3155286723,-0.0980109548005,-0.185950276138,0.0,900.304368404,899.826104673,899.498824401,899.945043294,240,252.0
5.0399999999999805,13.6792719261,22.3922222728,127.71675744,0.617815882038,6.21158349827,0.0,6.56876658058,12.4896440062,25.5762726093,0.0755210488099,0.0787858845266,0.0,900.063995693,899.206824382,899.674041254,899.548546867,241,252.0
5.0399999999999805,-40.5442825936,-37.282427004,113.401613293,5.00344652247,0.907533503348,0.0,-20.4122311051,-19.2092558897,12.7371493706,-0.517070799737,0.143448488395,0.0,900.102499001,899.711357025,900.373998074,900.129730312,242,252.0
5.0399999999999805,4.56237599404,-23.6632751966,126.583087244,5.74575144471,6.06243012631,0.0,3.49416071583,-13.6998328951,25.0090707414,-0.0275183645588,-0.221373702451,0.0,901.42493803,899.724271289,900.23671382,899.963668361,243,252.0
5.0399999999999805,-2.37794530106,8.07783110132,130.712860055,5.94937211987,5.83083988211,0.0,1.68689154374,-1.46763824554,30.5524329413,-0.14982099312,-0.204739015428,0.0,899.42790967,900.011144129,900.067086083,899.944353729,244,252.0
5.0399999999999805,31.4142555335,17.5345541746,165.55866023,0.643877577653,5.05617636241,0.0,2.93513554452,22.012807476,69.5352384737,0.184967505804,-0.228737752018,0.0,899.504069047,900.026517449,899.948355544,899.820880667,245,252.0
5.0399999999999805,-11.2681595742,16.5771856422,138.41554472,1.25360469013,0.0711142575672,0.0,-6.69166314271,12.313382112,42.8699642305,0.379742474068,-0.0832709790674,0.0,900.219897111,900.104868633,900.0131384,899.710528764,246,252.0
5.0399999999999805,-6.39114313551,-15.6642087218,128.749944987,6.12797902393,0.907385732183,0.0,-13.8175766232,-8.445151802,25.8752648995,0.0387786850085,0.299770413745,0.0,899.752951926,899.589242559,900.51552919,899.776704155,247,252.0
5.0399999999999805,-3.44633216336,-8.31662429778,130.769496687,5.7324483823,5.85709825018,0.0,1.32616111599,-8.64513718671,29.4517668169,-0.272440602571,-0.173317561429,0.0,899.893804555,899.557831464,900.008723818,900.211390935,248,252.0
5.0399999999999805,-28.7075484383,9.93635962461,124.822764687,6.10600317318,1.034668598,0.0,-22.1400949491,2.61433192062,20.7140716124,-0.146263527392,-0.0408581908224,0.0,900.491672076,899.579661736,900.116263594,900.034029708,249,252.0
5.0399999999999805,-21.0999750269,-31.5653955084,122.248658725,5.51178444923,0.666788471667,0.0,-13.8323746755,-16.2639456458,20.439019279,-0.194022698899,0.254312773994,0.0,899.399716185,900.626025166,900.403372524,900.17757437,250,252.0
